dataset,model,train_epochs,selectionType,order,HessType,approxType,run,orig_trainset_size,delta,epsilon,l2_reg,val_acc_before,val_loss_before,scrub_list,n_removals,bad_sample,time,val_acc_after,val_loss_after,sample_loss_before,sample_loss_after,sample_gradnorm_before,sample_gradnorm_after,slices_to_update,y_true
mnist,LogisticRegressor,50,Random,Hessian,Sekhari,FD,1,60000,0.01,0.1,0.01,0.8939,0.37592079723253846,[15281],0,0,1712914996.1422973,0.8949,0.37358781713992356,0.0,0.0,2.0773248175947405e-13,2.0805311024916995e-13,3,2
mnist,LogisticRegressor,50,Random,Hessian,Sekhari,FD,1,60000,0.01,0.1,0.01,0.8939,0.37592079723253846,[21435],1,0,1712915004.0855575,0.8948,0.37338372590020297,0.0,0.0,1.7957051474270501e-12,1.7957535201617407e-12,2,5
mnist,LogisticRegressor,50,Random,Hessian,Sekhari,FD,1,60000,0.01,0.1,0.01,0.8939,0.37592079723253846,[44536],2,0,1712915011.3361044,0.8945,0.37437602747231724,32.91639709472656,32.769596099853516,57.10471835258179,57.10471835258179,2,4
mnist,LogisticRegressor,50,Random,Hessian,Sekhari,FD,1,60000,0.01,0.1,0.01,0.8939,0.37592079723253846,[13518],3,0,1712915019.5384405,0.8944,0.37383423252031206,0.0,0.0,2.1827185616057687e-12,2.1883253920794867e-12,5,0
mnist,LogisticRegressor,50,Random,Hessian,Sekhari,FD,1,60000,0.01,0.1,0.01,0.8939,0.37592079723253846,[47529],4,0,1712915027.185823,0.8945,0.3741880677640438,0.0,0.0,6.93203064671493e-12,6.932079234283269e-12,1,7
mnist,LogisticRegressor,50,Random,Hessian,Sekhari,FD,1,60000,0.01,0.1,0.01,0.8939,0.37592079723253846,[53560],5,0,1712915034.6292107,0.8943,0.3754628042690456,0.0,0.0,2.683455635546317e-12,2.674497942505927e-12,2,0
mnist,LogisticRegressor,50,Random,Hessian,Sekhari,FD,1,60000,0.01,0.1,0.01,0.8939,0.37592079723253846,[41094],6,0,1712915042.598355,0.8938,0.37547045862302186,0.0,0.0,3.559999999658504e-13,3.560405330265314e-13,2,3
mnist,LogisticRegressor,50,Random,Hessian,Sekhari,FD,1,60000,0.01,0.1,0.01,0.8939,0.37592079723253846,[6060],7,0,1712915051.1903646,0.8944,0.37510730121284724,32.8189582824707,32.8189582824707,55.732995324755315,55.732995324755315,2,3
mnist,LogisticRegressor,50,Random,Hessian,Sekhari,FD,1,60000,0.01,0.1,0.01,0.8939,0.37592079723253846,[9358],8,0,1712915059.0303636,0.8949,0.37163648484274747,0.0,0.0,5.349624516756056e-13,5.820611445067573e-13,3,4
mnist,LogisticRegressor,50,Random,Hessian,Sekhari,FD,1,60000,0.01,0.1,0.01,0.8939,0.37592079723253846,[49039],9,0,1712915066.6945033,0.8952,0.371171941421926,0.0,0.0,6.969500378468178e-14,6.969501056409352e-14,1,2
mnist,LogisticRegressor,50,Random,Hessian,Sekhari,FD,1,60000,0.01,0.1,0.01,0.8939,0.37592079723253846,[57207],10,0,1712915074.616809,0.8958,0.37050461359322073,0.0,0.0,7.235553739411032e-11,6.66562144377934e-11,4,1
mnist,LogisticRegressor,50,Random,Hessian,Sekhari,FD,1,60000,0.01,0.1,0.01,0.8939,0.37592079723253846,[9870],11,0,1712915082.3024602,0.8963,0.369966724421829,0.0,0.0,8.716468001071858e-11,1.0319177643809e-10,4,1
mnist,LogisticRegressor,50,Random,Hessian,Sekhari,FD,1,60000,0.01,0.1,0.01,0.8939,0.37592079723253846,[11395],12,0,1712915090.2302797,0.8958,0.37070897985249757,0.0,0.0,1.1868336465392523e-10,1.2047832588535306e-10,2,1
mnist,LogisticRegressor,50,Random,Hessian,Sekhari,FD,1,60000,0.01,0.1,0.01,0.8939,0.37592079723253846,[19191],13,0,1712915098.0883415,0.8955,0.3707534699700773,0.0,0.0,8.292672207145512e-12,8.220543748911332e-12,1,9
mnist,LogisticRegressor,50,Random,Hessian,Sekhari,FD,1,60000,0.01,0.1,0.01,0.8939,0.37592079723253846,[53261],14,0,1712915105.6516523,0.8956,0.37052927557379006,0.0,0.0,9.148811939127575e-14,1.1260596614269597e-13,3,4
mnist,LogisticRegressor,50,Random,Hessian,Sekhari,FD,1,60000,0.01,0.1,0.01,0.8939,0.37592079723253846,[16683],15,0,1712915113.4944186,0.8955,0.3704491200856864,0.0,0.0,9.45225220186956e-14,9.735181891784414e-14,3,6
mnist,LogisticRegressor,50,Random,Hessian,Sekhari,FD,1,60000,0.01,0.1,0.01,0.8939,0.37592079723253846,[29618],16,0,1712915121.3022301,0.8948,0.3709761236794293,0.0,0.0,9.053987716329895e-13,7.066439965884857e-13,5,0
mnist,LogisticRegressor,50,Random,Hessian,Sekhari,FD,1,60000,0.01,0.1,0.01,0.8939,0.37592079723253846,[17209],17,0,1712915129.2063794,0.8947,0.3724089339375496,0.0,0.0,1.221469674820155e-14,1.031436887661943e-14,2,2
mnist,LogisticRegressor,50,Random,Hessian,Sekhari,FD,1,60000,0.01,0.1,0.01,0.8939,0.37592079723253846,[44969],18,0,1712915136.8860846,0.8942,0.37292206808924677,0.0,0.0,5.2292432024908215e-14,5.2267008089847064e-14,2,4
mnist,LogisticRegressor,50,Random,Hessian,Sekhari,FD,1,60000,0.01,0.1,0.01,0.8939,0.37592079723253846,[41883],19,0,1712915144.618463,0.895,0.3726048288866878,0.0,0.0,4.275907939991117e-12,4.279587826660451e-12,3,9
mnist,LogisticRegressor,50,Random,Hessian,Sekhari,FD,1,60000,0.01,0.1,0.01,0.8939,0.37592079723253846,[52664],20,0,1712915152.6546385,0.8939,0.3734495721757412,0.0,0.0,1.2635145312413108e-13,1.2328882860557243e-13,4,4
mnist,LogisticRegressor,50,Random,Hessian,Sekhari,FD,1,60000,0.01,0.1,0.01,0.8939,0.37592079723253846,[11426],21,0,1712915160.5746026,0.8962,0.36758464109152555,0.0,0.0,1.384131885726901e-13,1.3459995208153364e-13,2,3
mnist,LogisticRegressor,50,Random,Hessian,Sekhari,FD,1,60000,0.01,0.1,0.01,0.8939,0.37592079723253846,[6718],22,0,1712915167.9363003,0.897,0.3655460473150015,0.0,0.0,4.827132630291378e-14,4.953466418338415e-14,2,8
mnist,LogisticRegressor,50,Random,Hessian,Sekhari,FD,1,60000,0.01,0.1,0.01,0.8939,0.37592079723253846,[25555],23,0,1712915175.4918113,0.8962,0.3686468243598938,0.0,0.0,1.7966026871500526e-13,1.8078534809936652e-13,4,3
mnist,LogisticRegressor,50,Random,Hessian,Sekhari,FD,1,60000,0.01,0.1,0.01,0.8939,0.37592079723253846,[58248],24,0,1712915183.1758397,0.8959,0.36968762930482624,0.0,0.0,5.88468703544311e-14,6.55797849901229e-14,3,4
mnist,LogisticRegressor,50,Random,Hessian,Sekhari,FD,1,60000,0.01,0.1,0.01,0.8939,0.37592079723253846,[19358],25,0,1712915190.5193465,0.8968,0.36731958091259004,0.0,0.0,7.14126643104604e-13,6.351124323352908e-13,2,7
mnist,LogisticRegressor,50,Random,Hessian,Sekhari,FD,1,60000,0.01,0.1,0.01,0.8939,0.37592079723253846,[21687],26,0,1712915197.7957444,0.8975,0.3671699160709977,32.66374206542969,32.66374206542969,61.551977030543554,61.551977030543554,2,4
mnist,LogisticRegressor,50,Random,Hessian,Sekhari,FD,1,60000,0.01,0.1,0.01,0.8939,0.37592079723253846,[47925],27,0,1712915205.3412178,0.897,0.3676846013404429,0.0,0.0,2.799695472927671e-11,2.936958913087964e-11,2,1
mnist,LogisticRegressor,50,Random,Hessian,Sekhari,FD,1,60000,0.01,0.1,0.01,0.8939,0.37592079723253846,[14876],28,0,1712915213.442206,0.8971,0.36637984896078707,31.516706466674805,31.516706466674805,55.479400012113665,55.479400012113665,2,8
mnist,LogisticRegressor,50,Random,Hessian,Sekhari,FD,1,60000,0.01,0.1,0.01,0.8939,0.37592079723253846,[20982],29,0,1712915221.7111928,0.8974,0.3655154513195157,0.0,0.0,9.45405131478839e-13,8.313735409483214e-13,5,0
mnist,LogisticRegressor,50,Random,Hessian,Sekhari,FD,1,60000,0.01,0.1,0.01,0.8939,0.37592079723253846,[54591],30,0,1712915229.6984985,0.897,0.3660447129048407,0.0,0.0,1.1652137470088801e-11,1.1372062216820529e-11,2,1
mnist,LogisticRegressor,50,Random,Hessian,Sekhari,FD,1,60000,0.01,0.1,0.01,0.8939,0.37592079723253846,[1818],31,0,1712915237.294406,0.8967,0.36664122631773355,0.0,0.0,3.723632160934461e-14,3.700140773311065e-14,3,4
mnist,LogisticRegressor,50,Random,Hessian,Sekhari,FD,1,60000,0.01,0.1,0.01,0.8939,0.37592079723253846,[45104],32,0,1712915245.7986095,0.8962,0.36756284106522796,0.0,0.0,1.7249802418423307e-13,1.2102724895532137e-13,1,9
mnist,LogisticRegressor,50,Random,Hessian,Sekhari,FD,1,60000,0.01,0.1,0.01,0.8939,0.37592079723253846,[33785],33,0,1712915253.26076,0.8952,0.36973610194399953,31.33873748779297,31.31781005859375,54.756424922673226,54.756424922673226,2,0
mnist,LogisticRegressor,50,Random,Hessian,Sekhari,FD,1,60000,0.01,0.1,0.01,0.8939,0.37592079723253846,[31738],34,0,1712915260.7943337,0.8951,0.37004094030708073,0.0,0.0,4.243410455431472e-13,4.2434101842575926e-13,1,7
mnist,LogisticRegressor,50,Random,Hessian,Sekhari,FD,1,60000,0.01,0.1,0.01,0.8939,0.37592079723253846,[13161],35,0,1712915268.4395366,0.8952,0.37120486656203866,0.0,0.0,2.7165489741051195e-14,2.6937827489196695e-14,3,8
mnist,LogisticRegressor,50,Random,Hessian,Sekhari,FD,1,60000,0.01,0.1,0.01,0.8939,0.37592079723253846,[23487],36,0,1712915276.5582538,0.8947,0.37206513406708835,0.0,0.0,1.3372795342471664e-12,1.4662684379005217e-12,2,7
mnist,LogisticRegressor,50,Random,Hessian,Sekhari,FD,1,60000,0.01,0.1,0.01,0.8939,0.37592079723253846,[38161],37,0,1712915284.2487686,0.8946,0.3721936740912497,0.0,0.0,1.2221434497878115e-11,1.0307691293138889e-11,1,1
mnist,LogisticRegressor,50,Random,Hessian,Sekhari,FD,1,60000,0.01,0.1,0.01,0.8939,0.37592079723253846,[3264],38,0,1712915291.8504057,0.8935,0.3744877967983484,0.0,0.0,1.481443519643669e-13,1.4716828003041363e-13,2,0
mnist,LogisticRegressor,50,Random,Hessian,Sekhari,FD,1,60000,0.01,0.1,0.01,0.8939,0.37592079723253846,[21854],39,0,1712915299.3189218,0.8927,0.3780227887444198,0.0,0.0,2.4197350206890183e-14,2.819385279490768e-14,4,8
mnist,LogisticRegressor,50,Random,Hessian,Sekhari,FD,1,60000,0.01,0.1,0.01,0.8939,0.37592079723253846,[23490],40,0,1712915307.7447147,0.8918,0.38042831253260373,0.0,0.0,5.920860212718118e-12,5.894362120895455e-12,5,1
mnist,LogisticRegressor,50,Random,Hessian,Sekhari,FD,1,60000,0.01,0.1,0.01,0.8939,0.37592079723253846,[20117],41,0,1712915315.938679,0.8925,0.3769362966530025,0.0,0.0,6.056193342969126e-14,6.029975140121252e-14,2,0
mnist,LogisticRegressor,50,Random,Hessian,Sekhari,FD,1,60000,0.01,0.1,0.01,0.8939,0.37592079723253846,[54444],42,0,1712915323.5406346,0.8927,0.37682256698608396,32.41686248779297,32.43679428100586,56.33999872684625,56.33999872684625,2,0
mnist,LogisticRegressor,50,Random,Hessian,Sekhari,FD,1,60000,0.01,0.1,0.01,0.8939,0.37592079723253846,[45921],43,0,1712915331.4666057,0.8921,0.3784522227011621,0.0,0.0,3.8553657239576566e-14,4.049108765980697e-14,3,0
mnist,LogisticRegressor,50,Random,Hessian,Sekhari,FD,1,60000,0.01,0.1,0.01,0.8939,0.37592079723253846,[36220],44,0,1712915339.398615,0.8925,0.37640903908759354,0.0,0.0,2.0661719747940546e-13,2.2156655922196767e-13,4,7
mnist,LogisticRegressor,50,Random,Hessian,Sekhari,FD,1,60000,0.01,0.1,0.01,0.8939,0.37592079723253846,[41626],45,0,1712915347.2904887,0.8913,0.376874309591949,0.0,0.0,2.8888368908373e-13,2.875148051751723e-13,2,7
mnist,LogisticRegressor,50,Random,Hessian,Sekhari,FD,1,60000,0.01,0.1,0.01,0.8939,0.37592079723253846,[10208],46,0,1712915354.998304,0.8917,0.37735141552984713,0.0,0.0,9.202215430894244e-13,9.095200693262718e-13,1,7
mnist,LogisticRegressor,50,Random,Hessian,Sekhari,FD,1,60000,0.01,0.1,0.01,0.8939,0.37592079723253846,[18849],47,0,1712915363.006221,0.8907,0.3786484527401626,0.0,0.0,2.305855671212846e-13,2.418489900560419e-13,4,7
mnist,LogisticRegressor,50,Random,Hessian,Sekhari,FD,1,60000,0.01,0.1,0.01,0.8939,0.37592079723253846,[12368],48,0,1712915370.622566,0.891,0.3782213947735727,35.72465133666992,35.72465133666992,64.06749032429617,64.06749032429617,2,4
mnist,LogisticRegressor,50,Random,Hessian,Sekhari,FD,1,60000,0.01,0.1,0.01,0.8939,0.37592079723253846,[46581],49,0,1712915378.370364,0.8908,0.37986094867810605,38.8722038269043,38.8722038269043,60.80814203106278,60.80814203106278,2,5
mnist,LogisticRegressor,50,Random,Hessian,Sekhari,FD,1,60000,0.01,0.1,0.01,0.8939,0.37592079723253846,[18486],50,0,1712915386.7344518,0.8908,0.38024914944544436,37.04468536376953,37.04468536376953,61.73177359598202,61.73177359598202,2,4
mnist,LogisticRegressor,50,Random,Hessian,Sekhari,FD,1,60000,0.01,0.1,0.01,0.8939,0.37592079723253846,[24053],51,0,1712915395.0622234,0.8908,0.38093443335965277,0.0,0.0,2.185057150772493e-12,2.2642020417037112e-12,4,1
mnist,LogisticRegressor,50,Random,Hessian,Sekhari,FD,1,60000,0.01,0.1,0.01,0.8939,0.37592079723253846,[50000],52,0,1712915403.150114,0.89,0.38227094588801264,0.0,0.0,2.775124913488013e-14,2.9069805816618503e-14,2,8
mnist,LogisticRegressor,50,Random,Hessian,Sekhari,FD,1,60000,0.01,0.1,0.01,0.8939,0.37592079723253846,[1578],53,0,1712915410.5261998,0.8908,0.3821252719499171,0.0,0.0,8.169704687623633e-15,9.346250962329504e-15,4,4
mnist,LogisticRegressor,50,Random,Hessian,Sekhari,FD,1,60000,0.01,0.1,0.01,0.8939,0.37592079723253846,[22054],54,0,1712915418.0810404,0.8891,0.38486251458525655,0.0,0.0,1.2644906758449133e-13,1.1796746341683838e-13,2,5
mnist,LogisticRegressor,50,Random,Hessian,Sekhari,FD,1,60000,0.01,0.1,0.01,0.8939,0.37592079723253846,[16559],55,0,1712915425.72902,0.8886,0.3856490393169224,0.0,0.0,2.0434133959506935e-14,2.1072869135308366e-14,2,0
mnist,LogisticRegressor,50,Random,Hessian,Sekhari,FD,1,60000,0.01,0.1,0.01,0.8939,0.37592079723253846,[22071],56,0,1712915433.4649727,0.8863,0.38996116630733013,0.0,0.0,1.892942089973361e-14,1.6084612771195705e-14,3,8
mnist,LogisticRegressor,50,Random,Hessian,Sekhari,FD,1,60000,0.01,0.1,0.01,0.8939,0.37592079723253846,[44690],57,0,1712915441.218255,0.8863,0.38969725612550976,0.0,0.0,7.821713090241627e-15,7.871988448703776e-15,1,2
mnist,LogisticRegressor,50,Random,Hessian,Sekhari,FD,1,60000,0.01,0.1,0.01,0.8939,0.37592079723253846,[10622],58,0,1712915449.5026617,0.8863,0.3919253932312131,0.0,0.0,4.736919600606212e-14,4.84514107292872e-14,3,5
mnist,LogisticRegressor,50,Random,Hessian,Sekhari,FD,1,60000,0.01,0.1,0.01,0.8939,0.37592079723253846,[26825],59,0,1712915457.406149,0.8861,0.3915826169773936,0.0,0.0,1.826190825994152e-15,1.837677236665708e-15,2,6
mnist,LogisticRegressor,50,Random,Hessian,Sekhari,FD,1,60000,0.01,0.1,0.01,0.8939,0.37592079723253846,[13016],60,0,1712915464.9014695,0.886,0.3914613493718207,0.0,0.0,1.5653176518202314e-12,1.3189478662864396e-12,2,1
mnist,LogisticRegressor,50,Random,Hessian,Sekhari,FD,1,60000,0.01,0.1,0.01,0.8939,0.37592079723253846,[15183],61,0,1712915473.1667957,0.8869,0.3908838160336018,0.0,0.0,1.3340472645277811e-15,1.292325565157765e-15,3,6
mnist,LogisticRegressor,50,Random,Hessian,Sekhari,FD,1,60000,0.01,0.1,0.01,0.8939,0.37592079723253846,[14829],62,0,1712915480.5444298,0.8861,0.3937872376292944,0.0,0.0,5.1993645161366264e-15,5.261659040289401e-15,3,4
mnist,LogisticRegressor,50,Random,Hessian,Sekhari,FD,1,60000,0.01,0.1,0.01,0.8939,0.37592079723253846,[16590],63,0,1712915488.63414,0.8869,0.3923462798818946,0.0,0.0,3.891907197315168e-15,3.6467485861682e-15,2,0
mnist,LogisticRegressor,50,Random,Hessian,Sekhari,FD,1,60000,0.01,0.1,0.01,0.8939,0.37592079723253846,[44248],64,0,1712915496.7762885,0.8844,0.4005162602290511,0.0,0.0,4.550714814172302e-13,4.77577544169982e-13,3,1
mnist,LogisticRegressor,50,Random,Hessian,Sekhari,FD,1,60000,0.01,0.1,0.01,0.8939,0.37592079723253846,[44764],65,0,1712915505.1824255,0.8827,0.4033509005792439,0.0,0.0,6.326362669666609e-13,6.471415299318352e-13,2,1
mnist,LogisticRegressor,50,Random,Hessian,Sekhari,FD,1,60000,0.01,0.1,0.01,0.8939,0.37592079723253846,[8493],66,0,1712915513.2820613,0.8845,0.4020043502561748,0.0,0.0,2.0461894590105814e-15,2.0182120369789792e-15,3,0
mnist,LogisticRegressor,50,Random,Hessian,Sekhari,FD,1,60000,0.01,0.1,0.01,0.8939,0.37592079723253846,[25080],67,0,1712915521.4384766,0.8838,0.40222672894597056,37.57857131958008,37.87051010131836,67.3255848131683,67.3255848131683,2,9
mnist,LogisticRegressor,50,Random,Hessian,Sekhari,FD,1,60000,0.01,0.1,0.01,0.8939,0.37592079723253846,[53822],68,0,1712915529.3396218,0.8839,0.4023932795040309,0.0,0.0,3.0334089975016494e-15,3.0448997834004282e-15,3,2
mnist,LogisticRegressor,50,Random,Hessian,Sekhari,FD,1,60000,0.01,0.1,0.01,0.8939,0.37592079723253846,[9040],69,0,1712915537.51773,0.8835,0.40197281781584027,0.0,0.0,1.4172233448822902e-13,1.3794494138327243e-13,3,7
mnist,LogisticRegressor,50,Random,Hessian,Sekhari,FD,1,60000,0.01,0.1,0.01,0.8939,0.37592079723253846,[18422],70,0,1712915545.6338625,0.8828,0.4045251849107444,0.0,0.0,3.748273360454755e-15,3.863345083548341e-15,3,3
mnist,LogisticRegressor,50,Random,Hessian,Sekhari,FD,1,60000,0.01,0.1,0.01,0.8939,0.37592079723253846,[43736],71,0,1712915553.3639433,0.8839,0.40231448505073786,0.0,0.0,3.083542727206627e-13,3.18803512445412e-13,3,7
mnist,LogisticRegressor,50,Random,Hessian,Sekhari,FD,1,60000,0.01,0.1,0.01,0.8939,0.37592079723253846,[38825],72,0,1712915561.6445413,0.8839,0.40305240275338294,0.0,0.0,1.3856037399240826e-15,2.3044849387456266e-15,2,6
mnist,LogisticRegressor,50,Random,Hessian,Sekhari,FD,1,60000,0.01,0.1,0.01,0.8939,0.37592079723253846,[58517],73,0,1712915569.912684,0.8829,0.40455325189977887,0.0,0.0,7.6398506469207e-15,7.65383207365198e-15,2,4
mnist,LogisticRegressor,50,Random,Hessian,Sekhari,FD,1,60000,0.01,0.1,0.01,0.8939,0.37592079723253846,[52118],74,0,1712915577.9516516,0.883,0.4052398988045752,0.0,0.0,2.499614270845584e-13,2.1339128541656428e-13,2,7
mnist,LogisticRegressor,50,Random,Hessian,Sekhari,FD,1,60000,0.01,0.1,0.01,0.8939,0.37592079723253846,[23784],75,0,1712915585.7026107,0.882,0.40717283161357043,0.0,0.0,4.684778330551323e-15,4.518952408523125e-15,3,4
mnist,LogisticRegressor,50,Random,Hessian,Sekhari,FD,1,60000,0.01,0.1,0.01,0.8939,0.37592079723253846,[2929],76,0,1712915593.879938,0.8817,0.4073940952308476,33.388694763183594,33.388694763183594,60.47839011937784,60.47839011937784,2,8
mnist,LogisticRegressor,50,Random,Hessian,Sekhari,FD,1,60000,0.01,0.1,0.01,0.8939,0.37592079723253846,[32133],77,0,1712915601.4463148,0.8805,0.4092717969790101,0.0,0.0,3.71815123430891e-13,3.6845622219241725e-13,2,1
mnist,LogisticRegressor,50,Random,Hessian,Sekhari,FD,1,60000,0.01,0.1,0.01,0.8939,0.37592079723253846,[58197],78,0,1712915609.4439337,0.8813,0.40552069488912823,38.21244812011719,38.39078140258789,58.45041104185183,58.45041104185183,2,4
mnist,LogisticRegressor,50,Random,Hessian,Sekhari,FD,1,60000,0.01,0.1,0.01,0.8939,0.37592079723253846,[22055],79,0,1712915617.4629748,0.8806,0.40572419567033646,0.0,0.0,2.0799703288596763e-14,2.084287392337768e-14,3,5
mnist,LogisticRegressor,50,Random,Hessian,Sekhari,FD,1,60000,0.01,0.1,0.01,0.8939,0.37592079723253846,[9594],80,0,1712915625.582284,0.8799,0.4087352711707354,0.0,0.0,1.453938794996058e-14,1.595065510615255e-14,3,5
mnist,LogisticRegressor,50,Random,Hessian,Sekhari,FD,1,60000,0.01,0.1,0.01,0.8939,0.37592079723253846,[17720],81,0,1712915633.6681309,0.8798,0.40884917285293343,0.0,0.0,5.7726543052388415e-16,5.945024784603985e-16,2,9
mnist,LogisticRegressor,50,Random,Hessian,Sekhari,FD,1,60000,0.01,0.1,0.01,0.8939,0.37592079723253846,[14128],82,0,1712915641.403149,0.8798,0.408640668913722,0.0,0.0,2.0284828925827078e-15,2.0211851704968223e-15,2,8
mnist,LogisticRegressor,50,Random,Hessian,Sekhari,FD,1,60000,0.01,0.1,0.01,0.8939,0.37592079723253846,[37147],83,0,1712915649.162458,0.8798,0.40982173923403026,0.0,0.0,4.3027273132672616e-15,4.6701427270908026e-15,2,3
mnist,LogisticRegressor,50,Random,Hessian,Sekhari,FD,1,60000,0.01,0.1,0.01,0.8939,0.37592079723253846,[39930],84,0,1712915657.2350054,0.8789,0.411387079115957,0.0,0.0,1.5656222437243885e-14,1.564579056684025e-14,1,5
mnist,LogisticRegressor,50,Random,Hessian,Sekhari,FD,1,60000,0.01,0.1,0.01,0.8939,0.37592079723253846,[14873],85,0,1712915665.3100684,0.8783,0.41515604853630067,0.0,0.0,5.331481741652726e-16,5.330054654734963e-16,3,2
mnist,LogisticRegressor,50,Random,Hessian,Sekhari,FD,1,60000,0.01,0.1,0.01,0.8939,0.37592079723253846,[55385],86,0,1712915673.485554,0.8784,0.4152145376428962,0.0,0.0,1.223490443305259e-15,1.2172336606142964e-15,2,2
mnist,LogisticRegressor,50,Random,Hessian,Sekhari,FD,1,60000,0.01,0.1,0.01,0.8939,0.37592079723253846,[55989],87,0,1712915681.1273792,0.8788,0.4161660118959844,0.0,0.0,1.3554897116661154e-15,1.387723187185759e-15,3,0
mnist,LogisticRegressor,50,Random,Hessian,Sekhari,FD,1,60000,0.01,0.1,0.01,0.8939,0.37592079723253846,[6842],88,0,1712915688.5495002,0.8795,0.4143057808279991,0.0,0.0,3.562591207140986e-14,3.485196103393433e-14,2,7
mnist,LogisticRegressor,50,Random,Hessian,Sekhari,FD,1,60000,0.01,0.1,0.01,0.8939,0.37592079723253846,[30534],89,0,1712915696.3019793,0.8794,0.4150166644714773,0.0,0.0,2.8108008008000283e-16,2.78783000326614e-16,1,9
mnist,LogisticRegressor,50,Random,Hessian,Sekhari,FD,1,60000,0.01,0.1,0.01,0.8939,0.37592079723253846,[31331],90,0,1712915704.2826831,0.8784,0.41673570340499283,0.0,0.0,9.051269283680613e-17,9.045724412656888e-17,2,6
mnist,LogisticRegressor,50,Random,Hessian,Sekhari,FD,1,60000,0.01,0.1,0.01,0.8939,0.37592079723253846,[36887],91,0,1712915712.1290338,0.8784,0.4176235791295767,0.0,0.0,1.8722716204571296e-16,1.8503856995383969e-16,2,9
mnist,LogisticRegressor,50,Random,Hessian,Sekhari,FD,1,60000,0.01,0.1,0.01,0.8939,0.37592079723253846,[16695],92,0,1712915720.343027,0.8784,0.41640553846955297,0.0,0.0,1.859603502264742e-15,1.881431895294929e-15,2,4
mnist,LogisticRegressor,50,Random,Hessian,Sekhari,FD,1,60000,0.01,0.1,0.01,0.8939,0.37592079723253846,[51604],93,0,1712915728.7344484,0.8783,0.41611892292276026,0.0,0.0,2.9397278382488535e-14,2.5305553432904386e-14,2,7
mnist,LogisticRegressor,50,Random,Hessian,Sekhari,FD,1,60000,0.01,0.1,0.01,0.8939,0.37592079723253846,[34564],94,0,1712915736.706245,0.8782,0.41836516028270126,0.0,0.0,6.742547297058187e-17,7.902171276782257e-17,3,6
mnist,LogisticRegressor,50,Random,Hessian,Sekhari,FD,1,60000,0.01,0.1,0.01,0.8939,0.37592079723253846,[26129],95,0,1712915744.5298874,0.8788,0.41690625678747895,0.0,0.0,1.6971730325463885e-16,1.6944968742385742e-16,2,6
mnist,LogisticRegressor,50,Random,Hessian,Sekhari,FD,1,60000,0.01,0.1,0.01,0.8939,0.37592079723253846,[33814],96,0,1712915753.0659463,0.8767,0.4222689734771848,0.0,0.0,6.773106764933286e-14,6.792567388024584e-14,2,7
mnist,LogisticRegressor,50,Random,Hessian,Sekhari,FD,1,60000,0.01,0.1,0.01,0.8939,0.37592079723253846,[35267],97,0,1712915761.7015028,0.8771,0.42213600147515534,0.0,0.0,2.8072458595591036e-15,2.7298014551006342e-15,2,2
mnist,LogisticRegressor,50,Random,Hessian,Sekhari,FD,1,60000,0.01,0.1,0.01,0.8939,0.37592079723253846,[4939],98,0,1712915769.4638338,0.8788,0.4158902025781572,0.0,0.0,3.9705421412840673e-14,3.722720637748916e-14,4,7
mnist,LogisticRegressor,50,Random,Hessian,Sekhari,FD,1,60000,0.01,0.1,0.01,0.8939,0.37592079723253846,[20228],99,0,1712915777.0825276,0.8789,0.4170027463696897,37.74166488647461,37.74166488647461,59.418069768486454,59.418069768486454,2,3
mnist,LogisticRegressor,50,Random,Hessian,Sekhari,FD,1,60000,0.01,0.1,0.01,0.8939,0.37592079723253846,[59478],100,0,1712915785.724233,0.8795,0.4156503883190453,0.0,0.0,4.988696765323579e-15,5.498598395236595e-15,3,5
mnist,LogisticRegressor,50,Random,Hessian,Sekhari,FD,1,60000,0.01,0.1,0.01,0.8939,0.37592079723253846,[15488],101,0,1712915793.978456,0.8784,0.418296963814646,0.0,0.0,5.533639089714608e-16,5.484785585644535e-16,2,4
mnist,LogisticRegressor,50,Random,Hessian,Sekhari,FD,1,60000,0.01,0.1,0.01,0.8939,0.37592079723253846,[4140],102,0,1712915802.2023013,0.8767,0.4229583129286766,0.0,0.0,2.804193073139444e-16,2.8116845779483856e-16,5,6
mnist,LogisticRegressor,50,Random,Hessian,Sekhari,FD,1,60000,0.01,0.1,0.01,0.8939,0.37592079723253846,[25695],103,0,1712915809.9839706,0.8757,0.42501044608652594,0.0,0.0,8.570347330136814e-16,8.570253600897543e-16,2,2
mnist,LogisticRegressor,50,Random,Hessian,Sekhari,FD,1,60000,0.01,0.1,0.01,0.8939,0.37592079723253846,[15656],104,0,1712915817.4174714,0.8744,0.4255204502493143,0.0,0.0,8.839866366764677e-17,8.839107805808573e-17,3,9
mnist,LogisticRegressor,50,Random,Hessian,Sekhari,FD,1,60000,0.01,0.1,0.01,0.8939,0.37592079723253846,[58510],105,0,1712915825.4278367,0.8741,0.42694529928267,0.0,0.0,3.874242309450235e-16,3.8326996962459433e-16,2,0
mnist,LogisticRegressor,50,Random,Hessian,Sekhari,FD,1,60000,0.01,0.1,0.01,0.8939,0.37592079723253846,[54191],106,0,1712915833.4084346,0.874,0.42763023506850006,0.0,0.0,7.543368673900372e-15,7.640778963339537e-15,2,5
mnist,LogisticRegressor,50,Random,Hessian,Sekhari,FD,1,60000,0.01,0.1,0.01,0.8939,0.37592079723253846,[24326],107,0,1712915841.8123496,0.8736,0.42969811987131834,0.0,0.0,9.208895984637572e-16,9.103325106726645e-16,4,3
mnist,LogisticRegressor,50,Random,Hessian,Sekhari,FD,1,60000,0.01,0.1,0.01,0.8939,0.37592079723253846,[39587],108,0,1712915849.9746506,0.8773,0.42170889787375926,40.767635345458984,40.767635345458984,59.732346568899274,59.732346568899274,2,7
mnist,LogisticRegressor,50,Random,Hessian,Sekhari,FD,1,60000,0.01,0.1,0.01,0.8939,0.37592079723253846,[58605],109,0,1712915858.049379,0.8795,0.4153672642074525,0.0,0.0,1.2284658467885932e-16,1.772835461258591e-16,7,9
mnist,LogisticRegressor,50,Random,Hessian,Sekhari,FD,1,60000,0.01,0.1,0.01,0.8939,0.37592079723253846,[29723],110,0,1712915865.6433237,0.8799,0.41555933449417354,0.0,0.0,1.1022330029860721e-16,1.1022557732964779e-16,2,6
mnist,LogisticRegressor,50,Random,Hessian,Sekhari,FD,1,60000,0.01,0.1,0.01,0.8939,0.37592079723253846,[956],111,0,1712915873.4341855,0.8795,0.4148007067851722,37.45618438720703,37.108154296875,57.23086610660481,57.23086610660481,2,0
mnist,LogisticRegressor,50,Random,Hessian,Sekhari,FD,1,60000,0.01,0.1,0.01,0.8939,0.37592079723253846,[32556],112,0,1712915881.5384333,0.8799,0.41492894450202583,0.0,0.0,3.5756663967479167e-16,3.5596885467327413e-16,2,8
mnist,LogisticRegressor,50,Random,Hessian,Sekhari,FD,1,60000,0.01,0.1,0.01,0.8939,0.37592079723253846,[42226],113,0,1712915889.4712267,0.8794,0.4172834260389209,0.0,0.0,3.5115480014775066e-16,4.0164894993966044e-16,3,3
mnist,LogisticRegressor,50,Random,Hessian,Sekhari,FD,1,60000,0.01,0.1,0.01,0.8939,0.37592079723253846,[22798],114,0,1712915897.8762558,0.8788,0.41756526241078973,0.0,0.0,1.2414936744043954e-16,1.3573941815563284e-16,4,8
mnist,LogisticRegressor,50,Random,Hessian,Sekhari,FD,1,60000,0.01,0.1,0.01,0.8939,0.37592079723253846,[14582],115,0,1712915905.0987337,0.8769,0.42051057759672406,0.0,0.0,6.511770370974178e-16,6.02313390669961e-16,2,4
mnist,LogisticRegressor,50,Random,Hessian,Sekhari,FD,1,60000,0.01,0.1,0.01,0.8939,0.37592079723253846,[42649],116,0,1712915913.3608027,0.8787,0.41498465593904255,0.0,0.0,1.0255967094966047e-15,1.1682684012366064e-15,4,2
mnist,LogisticRegressor,50,Random,Hessian,Sekhari,FD,1,60000,0.01,0.1,0.01,0.8939,0.37592079723253846,[42058],117,0,1712915920.8231962,0.878,0.41450353562831876,0.0,0.0,2.974749559734788e-17,3.161997571441764e-17,3,9
mnist,LogisticRegressor,50,Random,Hessian,Sekhari,FD,1,60000,0.01,0.1,0.01,0.8939,0.37592079723253846,[55919],118,0,1712915928.8103595,0.8774,0.4153532926924527,0.0,0.0,4.784928118607049e-15,4.457524865711387e-15,4,5
mnist,LogisticRegressor,50,Random,Hessian,Sekhari,FD,1,60000,0.01,0.1,0.01,0.8939,0.37592079723253846,[48054],119,0,1712915936.1125686,0.8772,0.4155875631608069,38.91037368774414,38.91037368774414,57.0262054862295,57.0262054862295,2,3
mnist,LogisticRegressor,50,Random,Hessian,Sekhari,FD,1,60000,0.01,0.1,0.01,0.8939,0.37592079723253846,[18644],120,0,1712915943.7202718,0.8775,0.4162620353512466,0.0,0.0,2.2435934013216894e-14,2.2602078420384157e-14,4,1
mnist,LogisticRegressor,50,Random,Hessian,Sekhari,FD,1,60000,0.01,0.1,0.01,0.8939,0.37592079723253846,[10155],121,0,1712915951.7476711,0.8782,0.4168630436994135,0.0,0.0,3.463836130006805e-14,3.5192520882922843e-14,3,1
mnist,LogisticRegressor,50,Random,Hessian,Sekhari,FD,1,60000,0.01,0.1,0.01,0.8939,0.37592079723253846,[18321],122,0,1712915959.7760758,0.878,0.41835230281576513,0.0,0.0,3.2628576010981322e-15,3.2896937898427076e-15,3,5
mnist,LogisticRegressor,50,Random,Hessian,Sekhari,FD,1,60000,0.01,0.1,0.01,0.8939,0.37592079723253846,[20808],123,0,1712915967.034622,0.8767,0.42124186269938946,49.807132720947266,49.807132720947266,60.217425886706465,60.217425886706465,2,5
mnist,LogisticRegressor,50,Random,Hessian,Sekhari,FD,1,60000,0.01,0.1,0.01,0.8939,0.37592079723253846,[6557],124,0,1712915974.2891362,0.8774,0.41941976752132176,0.0,0.0,5.013104245715549e-17,5.0130996123514104e-17,1,9
mnist,LogisticRegressor,50,Random,Hessian,Sekhari,FD,1,60000,0.01,0.1,0.01,0.8939,0.37592079723253846,[19298],125,0,1712915982.567901,0.8765,0.42211461160331964,0.0,0.0,4.4148969026583913e-16,5.16953614217758e-16,2,3
mnist,LogisticRegressor,50,Random,Hessian,Sekhari,FD,1,60000,0.01,0.1,0.01,0.8939,0.37592079723253846,[9635],126,0,1712915989.9224272,0.8757,0.4236672460101545,0.0,0.0,2.871044400260407e-15,2.79772812953159e-15,3,5
mnist,LogisticRegressor,50,Random,Hessian,Sekhari,FD,1,60000,0.01,0.1,0.01,0.8939,0.37592079723253846,[46469],127,0,1712915997.5665686,0.876,0.42229103604331614,0.0,0.0,2.308463597082132e-14,2.363244543434434e-14,1,1
mnist,LogisticRegressor,50,Random,Hessian,Sekhari,FD,1,60000,0.01,0.1,0.01,0.8939,0.37592079723253846,[2417],128,0,1712916005.9272323,0.8765,0.42353742113336923,0.0,0.0,4.009931462112408e-17,3.87130792314626e-17,4,8
mnist,LogisticRegressor,50,Random,Hessian,Sekhari,FD,1,60000,0.01,0.1,0.01,0.8939,0.37592079723253846,[49256],129,0,1712916013.8945637,0.8748,0.4259971327148378,0.0,0.0,8.547135349389202e-17,7.816394319735413e-17,3,9
mnist,LogisticRegressor,50,Random,Hessian,Sekhari,FD,1,60000,0.01,0.1,0.01,0.8939,0.37592079723253846,[975],130,0,1712916022.4260557,0.8756,0.42318764915689827,0.0,0.0,2.868163993279986e-17,2.3597260896783472e-17,2,9
mnist,LogisticRegressor,50,Random,Hessian,Sekhari,FD,1,60000,0.01,0.1,0.01,0.8939,0.37592079723253846,[30441],131,0,1712916029.814944,0.8743,0.4244398420676589,0.0,0.0,1.837957068360243e-17,1.5015884544532452e-17,3,6
mnist,LogisticRegressor,50,Random,Hessian,Sekhari,FD,1,60000,0.01,0.1,0.01,0.8939,0.37592079723253846,[14874],132,0,1712916037.7903473,0.8744,0.4262624027207494,0.0,0.0,2.675436735625058e-16,2.4476652043052904e-16,4,4
mnist,LogisticRegressor,50,Random,Hessian,Sekhari,FD,1,60000,0.01,0.1,0.01,0.8939,0.37592079723253846,[33078],133,0,1712916045.5703573,0.8736,0.4281785136088729,0.0,0.0,1.3624829378640648e-16,1.2641016453375778e-16,3,3
mnist,LogisticRegressor,50,Random,Hessian,Sekhari,FD,1,60000,0.01,0.1,0.01,0.8939,0.37592079723253846,[31379],134,0,1712916053.3746762,0.8732,0.4285984946414828,0.0,0.0,2.5923778237096395e-16,2.5923778237096395e-16,2,2
mnist,LogisticRegressor,50,Random,Hessian,Sekhari,FD,1,60000,0.01,0.1,0.01,0.8939,0.37592079723253846,[8236],135,0,1712916061.1985362,0.8737,0.42639778535813094,0.0,0.0,5.167190009717887e-16,5.044946344133998e-16,3,0
mnist,LogisticRegressor,50,Random,Hessian,Sekhari,FD,1,60000,0.01,0.1,0.01,0.8939,0.37592079723253846,[6055],136,0,1712916068.258357,0.8726,0.43194922264665364,0.0,0.0,2.3284648828102814e-17,2.3324400517775242e-17,2,9
mnist,LogisticRegressor,50,Random,Hessian,Sekhari,FD,1,60000,0.01,0.1,0.01,0.8939,0.37592079723253846,[8067],137,0,1712916076.0086074,0.8741,0.42791131157428025,0.0,0.0,5.837002215059915e-17,3.6485640670453036e-17,4,8
mnist,LogisticRegressor,50,Random,Hessian,Sekhari,FD,1,60000,0.01,0.1,0.01,0.8939,0.37592079723253846,[4105],138,0,1712916083.5748758,0.8742,0.4285023411735892,0.0,0.0,1.1090310448650855e-15,1.1117284207800112e-15,2,7
mnist,LogisticRegressor,50,Random,Hessian,Sekhari,FD,1,60000,0.01,0.1,0.01,0.8939,0.37592079723253846,[31612],139,0,1712916091.0207067,0.8725,0.43138920795172453,0.0,0.0,4.95360968011057e-16,4.94879796618096e-16,2,0
mnist,LogisticRegressor,50,Random,Hessian,Sekhari,FD,1,60000,0.01,0.1,0.01,0.8939,0.37592079723253846,[21229],140,0,1712916098.4206066,0.8723,0.4332564851269126,41.95694351196289,41.95694351196289,62.55040153466537,62.55040153466537,2,5
mnist,LogisticRegressor,50,Random,Hessian,Sekhari,FD,1,60000,0.01,0.1,0.01,0.8939,0.37592079723253846,[16705],141,0,1712916106.024541,0.8722,0.4350544409826398,43.501380920410156,43.501380920410156,60.79193395400126,60.79193395400126,2,4
mnist,LogisticRegressor,50,Random,Hessian,Sekhari,FD,1,60000,0.01,0.1,0.01,0.8939,0.37592079723253846,[42547],142,0,1712916114.3025286,0.8729,0.4337067326530814,0.0,0.0,4.943223804940933e-17,5.170874179314773e-17,6,6
mnist,LogisticRegressor,50,Random,Hessian,Sekhari,FD,1,60000,0.01,0.1,0.01,0.8939,0.37592079723253846,[24610],143,0,1712916121.5998752,0.8729,0.43349432162940504,43.21752166748047,43.21752166748047,60.95594454684077,60.95594454684077,2,7
mnist,LogisticRegressor,50,Random,Hessian,Sekhari,FD,1,60000,0.01,0.1,0.01,0.8939,0.37592079723253846,[19302],144,0,1712916129.3100696,0.8716,0.43572138641029595,40.66807174682617,40.91033172607422,58.48218579992408,58.48218579992408,2,3
mnist,LogisticRegressor,50,Random,Hessian,Sekhari,FD,1,60000,0.01,0.1,0.01,0.8939,0.37592079723253846,[49063],145,0,1712916136.3806322,0.8712,0.43777770437300206,40.460845947265625,40.460845947265625,58.202433277006854,58.202433277006854,2,0
mnist,LogisticRegressor,50,Random,Hessian,Sekhari,FD,1,60000,0.01,0.1,0.01,0.8939,0.37592079723253846,[19678],146,0,1712916144.2023559,0.8715,0.4374391607940197,0.0,0.0,3.348416398630139e-16,3.4488765345144504e-16,2,4
mnist,LogisticRegressor,50,Random,Hessian,Sekhari,FD,1,60000,0.01,0.1,0.01,0.8939,0.37592079723253846,[54666],147,0,1712916151.7862096,0.8706,0.4400970919057727,0.0,0.0,1.730392279473028e-16,1.9177000490416398e-16,3,0
mnist,LogisticRegressor,50,Random,Hessian,Sekhari,FD,1,60000,0.01,0.1,0.01,0.8939,0.37592079723253846,[47596],148,0,1712916176.5622177,0.8686,0.44498727582395076,44.7617073059082,44.52598190307617,64.68772482966155,64.68772482966155,2,3
mnist,LogisticRegressor,50,Random,Hessian,Sekhari,FD,1,60000,0.01,0.1,0.01,0.8939,0.37592079723253846,[48372],149,0,1712916184.1503537,0.8697,0.44397702533751726,0.0,0.0,1.232930100843442e-14,1.246818075960228e-14,2,1
mnist,LogisticRegressor,50,Random,Hessian,Sekhari,FD,1,60000,0.01,0.1,0.01,0.8939,0.37592079723253846,[14812],150,0,1712916191.9904225,0.8693,0.44507063515484335,0.0,0.0,1.1406746260034403e-16,1.177333534857544e-16,4,0
mnist,LogisticRegressor,50,Random,Hessian,Sekhari,FD,1,60000,0.01,0.1,0.01,0.8939,0.37592079723253846,[24679],151,0,1712916199.2312355,0.8685,0.4447800301015377,43.32183074951172,43.32183074951172,66.05681959926054,66.05681959926054,2,0
mnist,LogisticRegressor,50,Random,Hessian,Sekhari,FD,1,60000,0.01,0.1,0.01,0.8939,0.37592079723253846,[8153],152,0,1712916232.594281,0.8695,0.44440948162227867,0.0,0.0,1.963492680540919e-17,1.9637948487129165e-17,2,9
mnist,LogisticRegressor,50,Random,Hessian,Sekhari,FD,1,60000,0.01,0.1,0.01,0.8939,0.37592079723253846,[28527],153,0,1712916240.3797526,0.8684,0.44998245164752004,0.0,0.0,3.413089139321556e-17,5.89829406134898e-17,3,3
mnist,LogisticRegressor,50,Random,Hessian,Sekhari,FD,1,60000,0.01,0.1,0.01,0.8939,0.37592079723253846,[39014],154,0,1712916247.9037268,0.8692,0.4480019647628069,0.0,0.0,7.05628373049884e-16,7.049543184288953e-16,2,7
mnist,LogisticRegressor,50,Random,Hessian,Sekhari,FD,1,60000,0.01,0.1,0.01,0.8939,0.37592079723253846,[32094],155,0,1712916256.0782824,0.8688,0.44896806087344887,0.0,0.0,4.210085754859287e-15,5.46802891474934e-15,4,1
mnist,LogisticRegressor,50,Random,Hessian,Sekhari,FD,1,60000,0.01,0.1,0.01,0.8939,0.37592079723253846,[41022],156,0,1712916263.8128679,0.8684,0.44903698805719616,48.157691955566406,48.157691955566406,64.04092362055057,64.04092362055057,2,7
mnist,LogisticRegressor,50,Random,Hessian,Sekhari,FD,1,60000,0.01,0.1,0.01,0.8939,0.37592079723253846,[20933],157,0,1712916296.023465,0.8693,0.4432778788730502,41.482200622558594,41.44243240356445,57.118626287589905,57.118626287589905,2,2
mnist,LogisticRegressor,50,Random,Hessian,Sekhari,FD,1,60000,0.01,0.1,0.01,0.8939,0.37592079723253846,[47332],158,0,1712916303.6829438,0.8672,0.4482008196413517,0.0,0.0,9.224065634724386e-18,9.154417261624302e-18,2,9
mnist,LogisticRegressor,50,Random,Hessian,Sekhari,FD,1,60000,0.01,0.1,0.01,0.8939,0.37592079723253846,[51198],159,0,1712916311.403836,0.8667,0.44951873626559974,0.0,0.0,4.036613845543774e-16,3.8377978823699363e-16,5,4
mnist,LogisticRegressor,50,Random,Hessian,Sekhari,FD,1,60000,0.01,0.1,0.01,0.8939,0.37592079723253846,[39057],160,0,1712916318.709316,0.866,0.4519946169108152,0.0,0.0,1.8470041132807351e-16,1.846823670162348e-16,4,5
mnist,LogisticRegressor,50,Random,Hessian,Sekhari,FD,1,60000,0.01,0.1,0.01,0.8939,0.37592079723253846,[19490],161,0,1712916352.114275,0.8665,0.45208198968321084,0.0,0.0,1.4121972571689774e-15,1.4458870255467244e-15,2,1
mnist,LogisticRegressor,50,Random,Hessian,Sekhari,FD,1,60000,0.01,0.1,0.01,0.8939,0.37592079723253846,[31835],162,0,1712916360.1640956,0.8663,0.452915970236063,0.0,0.0,2.971695072177928e-16,2.9721023016291926e-16,2,5
mnist,LogisticRegressor,50,Random,Hessian,Sekhari,FD,1,60000,0.01,0.1,0.01,0.8939,0.37592079723253846,[56284],163,0,1712916367.7107904,0.8656,0.4551146550104022,39.5128288269043,39.5128288269043,61.20718180738725,61.20718180738725,2,0
mnist,LogisticRegressor,50,Random,Hessian,Sekhari,FD,1,60000,0.01,0.1,0.01,0.8939,0.37592079723253846,[3325],164,0,1712916375.5484324,0.8651,0.4577275266870856,40.041412353515625,40.211212158203125,57.10844416880327,57.10844416880327,2,0
mnist,LogisticRegressor,50,Random,Hessian,Sekhari,FD,1,60000,0.01,0.1,0.01,0.8939,0.37592079723253846,[58686],165,0,1712916383.3782303,0.8644,0.46022167019546034,0.0,0.0,4.5943058493742354e-17,3.662361793648617e-17,5,3
mnist,LogisticRegressor,50,Random,Hessian,Sekhari,FD,1,60000,0.01,0.1,0.01,0.8939,0.37592079723253846,[45861],166,0,1712916416.4067163,0.8635,0.463728885166347,0.0,0.0,7.368121844415749e-16,9.523083577282833e-16,4,7
mnist,LogisticRegressor,50,Random,Hessian,Sekhari,FD,1,60000,0.01,0.1,0.01,0.8939,0.37592079723253846,[37298],167,0,1712916424.3022206,0.8638,0.46242279317229984,0.0,0.0,1.4179656448726542e-16,1.35962117657955e-16,3,4
mnist,LogisticRegressor,50,Random,Hessian,Sekhari,FD,1,60000,0.01,0.1,0.01,0.8939,0.37592079723253846,[3504],168,0,1712916431.7740512,0.8631,0.46227762680500745,0.0,0.0,3.4982330608456825e-16,2.943404378688631e-16,2,0
mnist,LogisticRegressor,50,Random,Hessian,Sekhari,FD,1,60000,0.01,0.1,0.01,0.8939,0.37592079723253846,[51300],169,0,1712916439.0486493,0.8626,0.4634228926151991,0.0,0.0,4.095265409380071e-16,4.086404616403679e-16,2,7
mnist,LogisticRegressor,50,Random,Hessian,Sekhari,FD,1,60000,0.01,0.1,0.01,0.8939,0.37592079723253846,[12626],170,0,1712916472.3911414,0.8639,0.4620295871049166,0.0,0.0,1.0472075100033404e-16,9.600598704197598e-17,4,3
mnist,LogisticRegressor,50,Random,Hessian,Sekhari,FD,1,60000,0.01,0.1,0.01,0.8939,0.37592079723253846,[15362],171,0,1712916479.734424,0.8641,0.46186637934297325,0.0,0.0,1.987582806629405e-16,1.9816889760689494e-16,2,0
mnist,LogisticRegressor,50,Random,Hessian,Sekhari,FD,1,60000,0.01,0.1,0.01,0.8939,0.37592079723253846,[37366],172,0,1712916487.6054666,0.8649,0.4579362325370312,0.0,0.0,7.655261522876217e-16,7.786714856122962e-16,2,7
mnist,LogisticRegressor,50,Random,Hessian,Sekhari,FD,1,60000,0.01,0.1,0.01,0.8939,0.37592079723253846,[49543],173,0,1712916495.201638,0.8654,0.4567754177376628,0.0,0.0,3.890814090278489e-17,4.0617665956717886e-17,3,3
mnist,LogisticRegressor,50,Random,Hessian,Sekhari,FD,1,60000,0.01,0.1,0.01,0.8939,0.37592079723253846,[51756],174,0,1712916503.1542876,0.8652,0.4571346851065755,0.0,0.0,8.017483586221054e-16,9.72304804131041e-16,5,1
mnist,LogisticRegressor,50,Random,Hessian,Sekhari,FD,1,60000,0.01,0.1,0.01,0.8939,0.37592079723253846,[59745],175,0,1712916535.5542216,0.8657,0.45549495350569486,0.0,0.0,7.983392656962307e-17,6.694389661192891e-17,3,0
mnist,LogisticRegressor,50,Random,Hessian,Sekhari,FD,1,60000,0.01,0.1,0.01,0.8939,0.37592079723253846,[36841],176,0,1712916543.0282085,0.8659,0.4544437240809202,0.0,0.0,7.279419740763886e-18,7.167218100267962e-18,3,6
mnist,LogisticRegressor,50,Random,Hessian,Sekhari,FD,1,60000,0.01,0.1,0.01,0.8939,0.37592079723253846,[18334],177,0,1712916551.0705016,0.866,0.45774601828306916,0.0,0.0,1.1335129778779786e-15,1.1676656326947702e-15,6,1
mnist,LogisticRegressor,50,Random,Hessian,Sekhari,FD,1,60000,0.01,0.1,0.01,0.8939,0.37592079723253846,[48865],178,0,1712916558.6581135,0.8666,0.4577898459509015,0.0,0.0,1.0083421929368154e-17,1.0023692832995079e-17,2,6
mnist,LogisticRegressor,50,Random,Hessian,Sekhari,FD,1,60000,0.01,0.1,0.01,0.8939,0.37592079723253846,[40309],179,0,1712916592.0428808,0.8675,0.45606725458055736,0.0,0.0,7.904956542667445e-19,4.461939061920171e-19,2,2
mnist,LogisticRegressor,50,Random,Hessian,Sekhari,FD,1,60000,0.01,0.1,0.01,0.8939,0.37592079723253846,[18788],180,0,1712916599.7227716,0.8679,0.45671436134725807,0.0,0.0,1.0133707267115856e-18,1.0174513641470424e-18,2,9
mnist,LogisticRegressor,50,Random,Hessian,Sekhari,FD,1,60000,0.01,0.1,0.01,0.8939,0.37592079723253846,[38074],181,0,1712916607.203741,0.8676,0.4573102479800582,0.0,0.0,1.1270619239603472e-17,1.1041838714574485e-17,3,8
mnist,LogisticRegressor,50,Random,Hessian,Sekhari,FD,1,60000,0.01,0.1,0.01,0.8939,0.37592079723253846,[14544],182,0,1712916614.6652482,0.8673,0.4574792129918933,0.0,0.0,2.2699862263776708e-18,2.2520042199686885e-18,2,2
mnist,LogisticRegressor,50,Random,Hessian,Sekhari,FD,1,60000,0.01,0.1,0.01,0.8939,0.37592079723253846,[40156],183,0,1712916622.8103423,0.8675,0.45678131449967624,0.0,0.0,4.5740030405293e-16,4.712694305593618e-16,2,1
mnist,LogisticRegressor,50,Random,Hessian,Sekhari,FD,1,60000,0.01,0.1,0.01,0.8939,0.37592079723253846,[58537],184,0,1712916655.7138562,0.868,0.45596073027700185,45.20504379272461,45.20504379272461,66.09508750369406,66.09508750369406,2,3
mnist,LogisticRegressor,50,Random,Hessian,Sekhari,FD,1,60000,0.01,0.1,0.01,0.8939,0.37592079723253846,[43355],185,0,1712916663.386295,0.8673,0.4572574494406581,0.0,0.0,3.4849716851503616e-16,4.618821193546776e-16,3,7
mnist,LogisticRegressor,50,Random,Hessian,Sekhari,FD,1,60000,0.01,0.1,0.01,0.8939,0.37592079723253846,[17275],186,0,1712916671.426275,0.8674,0.4574256120249629,0.0,0.0,1.647059107631284e-17,1.7627058883174385e-17,2,3
mnist,LogisticRegressor,50,Random,Hessian,Sekhari,FD,1,60000,0.01,0.1,0.01,0.8939,0.37592079723253846,[45684],187,0,1712916679.3703506,0.8666,0.45813608486205337,0.0,0.0,8.609743793168644e-17,8.434185950440137e-17,2,4
mnist,LogisticRegressor,50,Random,Hessian,Sekhari,FD,1,60000,0.01,0.1,0.01,0.8939,0.37592079723253846,[46639],188,0,1712916712.234491,0.8678,0.4538603188470006,0.0,0.0,2.417292407266397e-16,2.414173876818716e-16,1,5
mnist,LogisticRegressor,50,Random,Hessian,Sekhari,FD,1,60000,0.01,0.1,0.01,0.8939,0.37592079723253846,[19739],189,0,1712916720.0178792,0.8676,0.4542860981076956,0.0,0.0,2.4150633665158492e-17,2.405287410558987e-17,2,6
mnist,LogisticRegressor,50,Random,Hessian,Sekhari,FD,1,60000,0.01,0.1,0.01,0.8939,0.37592079723253846,[1609],190,0,1712916727.4093988,0.8661,0.45854632537811996,0.0,0.0,1.6547357984023962e-16,1.5856324306214506e-16,3,5
mnist,LogisticRegressor,50,Random,Hessian,Sekhari,FD,1,60000,0.01,0.1,0.01,0.8939,0.37592079723253846,[14285],191,0,1712916734.9330482,0.866,0.4570176279172301,0.0,0.0,6.319857544915152e-16,7.172806448682045e-16,4,1
mnist,LogisticRegressor,50,Random,Hessian,Sekhari,FD,1,60000,0.01,0.1,0.01,0.8939,0.37592079723253846,[3616],192,0,1712916742.6859388,0.8665,0.45675701797008517,0.0,0.0,1.469644635257046e-17,1.7776474056328728e-17,4,8
mnist,LogisticRegressor,50,Random,Hessian,Sekhari,FD,1,60000,0.01,0.1,0.01,0.8939,0.37592079723253846,[44413],193,0,1712916775.2755792,0.8671,0.45684567652642727,0.0,0.0,1.5982849457139195e-16,1.597811929701422e-16,2,1
mnist,LogisticRegressor,50,Random,Hessian,Sekhari,FD,1,60000,0.01,0.1,0.01,0.8939,0.37592079723253846,[42107],194,0,1712916782.4541879,0.867,0.45788740590214727,0.0,0.0,6.143682548489751e-19,6.963966928958723e-19,2,0
mnist,LogisticRegressor,50,Random,Hessian,Sekhari,FD,1,60000,0.01,0.1,0.01,0.8939,0.37592079723253846,[39633],195,0,1712916790.246553,0.8665,0.4581612331792712,0.0,0.0,3.790996260431655e-19,3.977604163052798e-19,2,9
mnist,LogisticRegressor,50,Random,Hessian,Sekhari,FD,1,60000,0.01,0.1,0.01,0.8939,0.37592079723253846,[7832],196,0,1712916797.8593743,0.8671,0.4571883026510477,0.0,0.0,7.008990416634641e-18,8.20671676991413e-18,2,6
mnist,LogisticRegressor,50,Random,Hessian,Sekhari,FD,1,60000,0.01,0.1,0.01,0.8939,0.37592079723253846,[41644],197,0,1712916831.491563,0.868,0.45476300567388533,0.0,0.0,3.5545603054305494e-16,3.5209540294054557e-16,2,1
mnist,LogisticRegressor,50,Random,Hessian,Sekhari,FD,1,60000,0.01,0.1,0.01,0.8939,0.37592079723253846,[58234],198,0,1712916839.0361845,0.8696,0.4512519144453108,0.0,0.0,2.9232781870350118e-18,3.1904696183777277e-18,4,8
mnist,LogisticRegressor,50,Random,Hessian,Sekhari,FD,1,60000,0.01,0.1,0.01,0.8939,0.37592079723253846,[38286],199,0,1712916846.826467,0.8696,0.4519480798393488,0.0,0.0,1.9035781024542676e-16,1.8318898420515535e-16,3,7
mnist,LogisticRegressor,50,Random,Hessian,Sekhari,FD,1,60000,0.01,0.1,0.01,0.8939,0.37592079723253846,[22043],200,0,1712916853.8065977,0.8692,0.45299033662304283,0.0,0.0,1.4843318254764724e-16,1.5107712927838547e-16,2,1
mnist,LogisticRegressor,50,Random,Hessian,Sekhari,FD,1,60000,0.01,0.1,0.01,0.8939,0.37592079723253846,[49302],201,0,1712916860.8302028,0.8676,0.4561867695301771,0.0,0.0,8.179844640067588e-20,8.127191524915755e-20,3,2
mnist,LogisticRegressor,50,Random,Hessian,Sekhari,FD,1,60000,0.01,0.1,0.01,0.8939,0.37592079723253846,[59924],202,0,1712916894.855806,0.868,0.4548719177953899,0.0,0.0,3.1890476681018536e-16,3.3046864654682703e-16,2,1
mnist,LogisticRegressor,50,Random,Hessian,Sekhari,FD,1,60000,0.01,0.1,0.01,0.8939,0.37592079723253846,[37707],203,0,1712916901.8791857,0.8685,0.4549515532329679,0.0,0.0,1.4486849944380468e-17,1.6297421357986763e-17,3,3
mnist,LogisticRegressor,50,Random,Hessian,Sekhari,FD,1,60000,0.01,0.1,0.01,0.8939,0.37592079723253846,[22433],204,0,1712916909.3415854,0.8667,0.45990793164819477,0.0,0.0,1.4646524755107628e-19,1.6354352177879648e-19,2,9
mnist,LogisticRegressor,50,Random,Hessian,Sekhari,FD,1,60000,0.01,0.1,0.01,0.8939,0.37592079723253846,[53440],205,0,1712916917.130025,0.8679,0.45682328529655936,0.0,0.0,1.6906149057843197e-16,1.687095538400052e-16,3,7
mnist,LogisticRegressor,50,Random,Hessian,Sekhari,FD,1,60000,0.01,0.1,0.01,0.8939,0.37592079723253846,[42331],206,0,1712916951.9495316,0.8688,0.4553469968959689,0.0,0.0,2.7673340870006698e-17,2.6346408711713038e-17,2,3
mnist,LogisticRegressor,50,Random,Hessian,Sekhari,FD,1,60000,0.01,0.1,0.01,0.8939,0.37592079723253846,[25693],207,0,1712916959.3587222,0.8691,0.4556345734745264,41.275291442871094,41.275291442871094,60.62775198608506,60.62775198608506,2,3
mnist,LogisticRegressor,50,Random,Hessian,Sekhari,FD,1,60000,0.01,0.1,0.01,0.8939,0.37592079723253846,[52833],208,0,1712916966.316627,0.8696,0.45555352624505757,0.0,0.0,4.0487331261062265e-18,4.1044411053243234e-18,4,8
mnist,LogisticRegressor,50,Random,Hessian,Sekhari,FD,1,60000,0.01,0.1,0.01,0.8939,0.37592079723253846,[47211],209,0,1712916973.9292636,0.8694,0.4572754787281156,0.0,0.0,6.738780084061617e-17,7.229590744745905e-17,3,1
mnist,LogisticRegressor,50,Random,Hessian,Sekhari,FD,1,60000,0.01,0.1,0.01,0.8939,0.37592079723253846,[55584],210,0,1712916981.572283,0.8698,0.4556217174977064,0.0,0.0,4.330108216301773e-20,4.330108216301773e-20,2,2
mnist,LogisticRegressor,50,Random,Hessian,Sekhari,FD,1,60000,0.01,0.1,0.01,0.8939,0.37592079723253846,[58627],211,0,1712917013.6574264,0.8691,0.4583178298547864,0.0,0.0,3.876384219953484e-18,3.924595152971797e-18,3,8
mnist,LogisticRegressor,50,Random,Hessian,Sekhari,FD,1,60000,0.01,0.1,0.01,0.8939,0.37592079723253846,[46810],212,0,1712917021.327346,0.8695,0.45717292819172145,0.0,0.0,1.0131800778974535e-16,9.808577470106369e-17,3,1
mnist,LogisticRegressor,50,Random,Hessian,Sekhari,FD,1,60000,0.01,0.1,0.01,0.8939,0.37592079723253846,[27597],213,0,1712917028.3262613,0.8694,0.45612712372094394,0.0,0.0,1.741271063461819e-19,1.7419250724030115e-19,2,9
mnist,LogisticRegressor,50,Random,Hessian,Sekhari,FD,1,60000,0.01,0.1,0.01,0.8939,0.37592079723253846,[52925],214,0,1712917036.4291868,0.8694,0.4574324632063508,0.0,0.0,5.577583497035342e-19,5.32853918291768e-19,4,0
mnist,LogisticRegressor,50,Random,Hessian,Sekhari,FD,1,60000,0.01,0.1,0.01,0.8939,0.37592079723253846,[50013],215,0,1712917044.275709,0.8696,0.4563918594270945,0.0,0.0,3.4398806003124416e-19,3.4412788904961107e-19,3,9
mnist,LogisticRegressor,50,Random,Hessian,Sekhari,FD,1,60000,0.01,0.1,0.01,0.8939,0.37592079723253846,[45903],216,0,1712917078.358028,0.8682,0.4597197059541941,0.0,0.0,4.465837932957597e-19,5.102336862322804e-19,2,0
mnist,LogisticRegressor,50,Random,Hessian,Sekhari,FD,1,60000,0.01,0.1,0.01,0.8939,0.37592079723253846,[29021],217,0,1712917085.6875963,0.8684,0.45788844078779223,43.26707077026367,43.26707077026367,59.44130995072561,59.44130995072561,2,8
mnist,LogisticRegressor,50,Random,Hessian,Sekhari,FD,1,60000,0.01,0.1,0.01,0.8939,0.37592079723253846,[41607],218,0,1712917093.0333571,0.8694,0.4552706491202116,0.0,0.0,4.4532632621609e-19,4.522778818528776e-19,3,2
mnist,LogisticRegressor,50,Random,Hessian,Sekhari,FD,1,60000,0.01,0.1,0.01,0.8939,0.37592079723253846,[24049],219,0,1712917100.6652567,0.8693,0.45583484377712014,44.34543228149414,44.458641052246094,59.32432730040453,59.32432730040453,2,8
mnist,LogisticRegressor,50,Random,Hessian,Sekhari,FD,1,60000,0.01,0.1,0.01,0.8939,0.37592079723253846,[39628],220,0,1712917132.8064115,0.8705,0.4549371212720871,0.0,0.0,4.267009865327392e-18,4.183648309651045e-18,4,8
mnist,LogisticRegressor,50,Random,Hessian,Sekhari,FD,1,60000,0.01,0.1,0.01,0.8939,0.37592079723253846,[17487],221,0,1712917141.2191508,0.8708,0.45627086851745846,0.0,0.0,7.829884821237018e-19,7.814459140676133e-19,2,8
mnist,LogisticRegressor,50,Random,Hessian,Sekhari,FD,1,60000,0.01,0.1,0.01,0.8939,0.37592079723253846,[12129],222,0,1712917149.5462565,0.8682,0.46099601946771146,0.0,0.0,2.325022761186871e-18,2.8740199170529045e-18,5,3
mnist,LogisticRegressor,50,Random,Hessian,Sekhari,FD,1,60000,0.01,0.1,0.01,0.8939,0.37592079723253846,[13656],223,0,1712917157.3032775,0.869,0.46201702374964954,0.0,0.0,1.6823130522344122e-18,1.754385560321572e-18,4,8
mnist,LogisticRegressor,50,Random,Hessian,Sekhari,FD,1,60000,0.01,0.1,0.01,0.8939,0.37592079723253846,[56627],224,0,1712917191.4946206,0.8685,0.4625950261950493,0.0,0.0,5.488912708407333e-19,5.5248452729611035e-19,2,0
mnist,LogisticRegressor,50,Random,Hessian,Sekhari,FD,1,60000,0.01,0.1,0.01,0.8939,0.37592079723253846,[5401],225,0,1712917199.2383938,0.869,0.4588003510609269,0.0,0.0,3.2644006087796605e-19,3.323523941015482e-19,1,2
mnist,LogisticRegressor,50,Random,Hessian,Sekhari,FD,1,60000,0.01,0.1,0.01,0.8939,0.37592079723253846,[27227],226,0,1712917207.398388,0.8694,0.4550932390615344,0.0,0.0,6.4596208713699575e-18,6.169675735260666e-18,5,8
mnist,LogisticRegressor,50,Random,Hessian,Sekhari,FD,1,60000,0.01,0.1,0.01,0.8939,0.37592079723253846,[56412],227,0,1712917215.4304194,0.8692,0.4557046459056437,0.0,0.0,2.2647896429888245e-19,2.20998575925314e-19,4,0
mnist,LogisticRegressor,50,Random,Hessian,Sekhari,FD,1,60000,0.01,0.1,0.01,0.8939,0.37592079723253846,[30395],228,0,1712917223.4422088,0.869,0.4560118648223579,0.0,0.0,1.0793832319037586e-17,1.1438701568219351e-17,5,3
mnist,LogisticRegressor,50,Random,Hessian,Sekhari,FD,1,60000,0.01,0.1,0.01,0.8939,0.37592079723253846,[4901],229,0,1712917256.1824694,0.8692,0.45526506584137677,0.0,0.0,3.7277193982022474e-19,3.720220827031188e-19,3,6
mnist,LogisticRegressor,50,Random,Hessian,Sekhari,FD,1,60000,0.01,0.1,0.01,0.8939,0.37592079723253846,[25812],230,0,1712917263.7103102,0.8701,0.45191449178382753,0.0,0.0,5.137726315649434e-20,5.307517672913011e-20,3,9
mnist,LogisticRegressor,50,Random,Hessian,Sekhari,FD,1,60000,0.01,0.1,0.01,0.8939,0.37592079723253846,[8085],231,0,1712917271.4865315,0.8694,0.4530013953335583,47.20533752441406,46.991065979003906,58.94624256373509,58.94624256373509,2,4
mnist,LogisticRegressor,50,Random,Hessian,Sekhari,FD,1,60000,0.01,0.1,0.01,0.8939,0.37592079723253846,[6412],232,0,1712917279.5794826,0.8692,0.4549723259173334,48.572853088378906,48.572853088378906,62.02724007199409,62.02724007199409,2,4
mnist,LogisticRegressor,50,Random,Hessian,Sekhari,FD,1,60000,0.01,0.1,0.01,0.8939,0.37592079723253846,[46119],233,0,1712917315.0026479,0.8694,0.45446875039488077,46.790557861328125,46.790557861328125,59.342613577293854,59.342613577293854,2,8
mnist,LogisticRegressor,50,Random,Hessian,Sekhari,FD,1,60000,0.01,0.1,0.01,0.8939,0.37592079723253846,[10264],234,0,1712917323.2225049,0.8702,0.45378283467143776,0.0,0.0,8.713289307480898e-19,8.879005035962212e-19,3,8
mnist,LogisticRegressor,50,Random,Hessian,Sekhari,FD,1,60000,0.01,0.1,0.01,0.8939,0.37592079723253846,[13543],235,0,1712917330.982369,0.869,0.4540373244322836,0.0,0.0,1.4720712709407876e-19,1.4227067872242607e-19,3,0
mnist,LogisticRegressor,50,Random,Hessian,Sekhari,FD,1,60000,0.01,0.1,0.01,0.8939,0.37592079723253846,[21079],236,0,1712917339.062208,0.8688,0.4546692164614797,0.0,0.0,3.4282836833094045e-17,3.438443468548465e-17,2,1
mnist,LogisticRegressor,50,Random,Hessian,Sekhari,FD,1,60000,0.01,0.1,0.01,0.8939,0.37592079723253846,[10251],237,0,1712917372.7582295,0.8686,0.45491432640701535,0.0,0.0,7.24657091456803e-20,7.055865392761772e-20,2,0
mnist,LogisticRegressor,50,Random,Hessian,Sekhari,FD,1,60000,0.01,0.1,0.01,0.8939,0.37592079723253846,[36783],238,0,1712917380.510635,0.8699,0.45179713079705835,0.0,0.0,8.029240258406635e-18,8.03636744853409e-18,2,4
mnist,LogisticRegressor,50,Random,Hessian,Sekhari,FD,1,60000,0.01,0.1,0.01,0.8939,0.37592079723253846,[57233],239,0,1712917388.4163122,0.8694,0.4546279752627015,0.0,0.0,1.5874779851284437e-17,1.7888338036355447e-17,3,1
mnist,LogisticRegressor,50,Random,Hessian,Sekhari,FD,1,60000,0.01,0.1,0.01,0.8939,0.37592079723253846,[32852],240,0,1712917396.1224089,0.8674,0.46120358621701596,0.0,0.0,1.6882198331005974e-18,1.735442828065275e-18,3,3
mnist,LogisticRegressor,50,Random,Hessian,Sekhari,FD,1,60000,0.01,0.1,0.01,0.8939,0.37592079723253846,[24852],241,0,1712917403.6101956,0.8679,0.4601265281438828,0.0,0.0,3.1087553511645743e-18,2.8990109170338717e-18,2,5
mnist,LogisticRegressor,50,Random,Hessian,Sekhari,FD,1,60000,0.01,0.1,0.01,0.8939,0.37592079723253846,[38418],242,0,1712917435.9718487,0.8663,0.4685102429240942,0.0,0.0,4.370806528252294e-17,3.469950712464242e-17,5,7
mnist,LogisticRegressor,50,Random,Hessian,Sekhari,FD,1,60000,0.01,0.1,0.01,0.8939,0.37592079723253846,[35033],243,0,1712917443.6418989,0.8648,0.47318318132311105,0.0,0.0,5.3042724080834697e-17,5.2658641413950903e-17,3,1
mnist,LogisticRegressor,50,Random,Hessian,Sekhari,FD,1,60000,0.01,0.1,0.01,0.8939,0.37592079723253846,[37306],244,0,1712917451.406861,0.8656,0.473998799175024,0.0,0.0,2.0991716984845755e-17,2.2806995837576147e-17,4,1
mnist,LogisticRegressor,50,Random,Hessian,Sekhari,FD,1,60000,0.01,0.1,0.01,0.8939,0.37592079723253846,[44994],245,0,1712917459.097095,0.8652,0.473898028023541,0.0,0.0,2.6610673399442596e-20,2.442413551422599e-20,2,2
mnist,LogisticRegressor,50,Random,Hessian,Sekhari,FD,1,60000,0.01,0.1,0.01,0.8939,0.37592079723253846,[21718],246,0,1712917493.5878644,0.8654,0.47330636009573934,0.0,0.0,3.1228130509661724e-19,3.1499251764299207e-19,2,0
mnist,LogisticRegressor,50,Random,Hessian,Sekhari,FD,1,60000,0.01,0.1,0.01,0.8939,0.37592079723253846,[1503],247,0,1712917501.2250822,0.8646,0.4747744871303439,0.0,0.0,4.1985968107642695e-19,4.1985968107642695e-19,2,6
mnist,LogisticRegressor,50,Random,Hessian,Sekhari,FD,1,60000,0.01,0.1,0.01,0.8939,0.37592079723253846,[12301],248,0,1712917508.6219292,0.8665,0.4701735436916351,0.0,0.0,1.1285612539179124e-19,1.1263233196373715e-19,2,0
mnist,LogisticRegressor,50,Random,Hessian,Sekhari,FD,1,60000,0.01,0.1,0.01,0.8939,0.37592079723253846,[6864],249,0,1712917516.2590199,0.8663,0.4706301728263497,0.0,0.0,2.107839130279737e-17,2.0569627488463535e-17,2,1
mnist,LogisticRegressor,50,Random,Hessian,Sekhari,FD,1,60000,0.01,0.1,0.01,0.8939,0.37592079723253846,[29350],250,0,1712917523.6299024,0.8665,0.4696441929787397,0.0,0.0,5.450039659615961e-20,5.455290150278387e-20,3,2
mnist,LogisticRegressor,50,Random,Hessian,Sekhari,FD,1,60000,0.01,0.1,0.01,0.8939,0.37592079723253846,[39371],251,0,1712917556.7869377,0.8679,0.46825671289116144,0.0,0.0,7.481718398335702e-19,9.415386669087182e-19,3,6
mnist,LogisticRegressor,50,Random,Hessian,Sekhari,FD,1,60000,0.01,0.1,0.01,0.8939,0.37592079723253846,[26855],252,0,1712917564.2354848,0.8666,0.4708955194801092,0.0,0.0,1.789248460067991e-17,1.8788444361245084e-17,3,7
mnist,LogisticRegressor,50,Random,Hessian,Sekhari,FD,1,60000,0.01,0.1,0.01,0.8939,0.37592079723253846,[50297],253,0,1712917571.1743395,0.8663,0.47140286657959224,0.0,0.0,5.4734319849907247e-17,5.715395651619594e-17,4,7
mnist,LogisticRegressor,50,Random,Hessian,Sekhari,FD,1,60000,0.01,0.1,0.01,0.8939,0.37592079723253846,[35857],254,0,1712917578.0858371,0.8657,0.47035540360957384,0.0,0.0,1.9882184126411135e-17,2.3373749102624406e-17,4,7
mnist,LogisticRegressor,50,Random,Hessian,Sekhari,FD,1,60000,0.01,0.1,0.01,0.8939,0.37592079723253846,[14438],255,0,1712917613.4835873,0.8652,0.4705926366150379,0.0,0.0,1.0771291679340345e-19,1.0271092148029107e-19,3,8
mnist,LogisticRegressor,50,Random,Hessian,Sekhari,FD,1,60000,0.01,0.1,0.01,0.8939,0.37592079723253846,[53709],256,0,1712917620.8581774,0.8647,0.4710169892758131,0.0,0.0,2.118895341396224e-19,2.828262697599847e-19,3,0
mnist,LogisticRegressor,50,Random,Hessian,Sekhari,FD,1,60000,0.01,0.1,0.01,0.8939,0.37592079723253846,[59507],257,0,1712917627.9060276,0.8648,0.4735885988920927,0.0,0.0,4.664145845303539e-19,4.767895006123248e-19,5,8
mnist,LogisticRegressor,50,Random,Hessian,Sekhari,FD,1,60000,0.01,0.1,0.01,0.8939,0.37592079723253846,[53915],258,0,1712917635.291981,0.8644,0.47376186344772575,0.0,0.0,4.1219812826540893e-19,4.044431380960657e-19,2,6
mnist,LogisticRegressor,50,Random,Hessian,Sekhari,FD,1,60000,0.01,0.1,0.01,0.8939,0.37592079723253846,[27508],259,0,1712917642.5554738,0.8654,0.4735167982056737,44.76998519897461,44.51026153564453,60.84066497486181,60.84066497486181,2,4
mnist,LogisticRegressor,50,Random,Hessian,Sekhari,FD,1,60000,0.01,0.1,0.01,0.8939,0.37592079723253846,[27403],260,0,1712917675.1512592,0.865,0.4731537627056241,0.0,0.0,4.578858605361684e-20,4.151426837532357e-20,2,0
mnist,LogisticRegressor,50,Random,Hessian,Sekhari,FD,1,60000,0.01,0.1,0.01,0.8939,0.37592079723253846,[43675],261,0,1712917682.4662485,0.8653,0.47338813319802286,0.0,0.0,6.062915966476219e-19,6.186800356643556e-19,2,6
mnist,LogisticRegressor,50,Random,Hessian,Sekhari,FD,1,60000,0.01,0.1,0.01,0.8939,0.37592079723253846,[283],262,0,1712917689.65902,0.865,0.47353165671229364,45.53654098510742,45.53654098510742,56.00196733384962,56.00196733384962,2,3
mnist,LogisticRegressor,50,Random,Hessian,Sekhari,FD,1,60000,0.01,0.1,0.01,0.8939,0.37592079723253846,[23058],263,0,1712917696.7673912,0.8652,0.47269687671214344,0.0,0.0,4.630149252309055e-20,4.4254747182094517e-20,3,9
mnist,LogisticRegressor,50,Random,Hessian,Sekhari,FD,1,60000,0.01,0.1,0.01,0.8939,0.37592079723253846,[50587],264,0,1712917731.55165,0.8651,0.47043171916157006,0.0,0.0,1.8559696645302835e-19,1.0833983354633345e-19,3,8
mnist,LogisticRegressor,50,Random,Hessian,Sekhari,FD,1,60000,0.01,0.1,0.01,0.8939,0.37592079723253846,[1675],265,0,1712917738.9089606,0.8646,0.4715045815333724,0.0,0.0,1.900591603192257e-17,2.0266401949694153e-17,3,1
mnist,LogisticRegressor,50,Random,Hessian,Sekhari,FD,1,60000,0.01,0.1,0.01,0.8939,0.37592079723253846,[30340],266,0,1712917746.553472,0.8634,0.47297585401684045,49.258113861083984,49.258113861083984,59.74132766312409,59.74132766312409,2,4
mnist,LogisticRegressor,50,Random,Hessian,Sekhari,FD,1,60000,0.01,0.1,0.01,0.8939,0.37592079723253846,[22501],267,0,1712917753.7751474,0.8633,0.47194274608045816,0.0,0.0,4.3895317135212044e-17,4.480270577434648e-17,1,1
mnist,LogisticRegressor,50,Random,Hessian,Sekhari,FD,1,60000,0.01,0.1,0.01,0.8939,0.37592079723253846,[5343],268,0,1712917761.2743833,0.8627,0.4747496660798788,47.91279983520508,47.91279983520508,65.46316878280452,65.46316878280452,2,6
mnist,LogisticRegressor,50,Random,Hessian,Sekhari,FD,1,60000,0.01,0.1,0.01,0.8939,0.37592079723253846,[13692],269,0,1712917795.9961097,0.8633,0.4733467847108841,0.0,0.0,3.3889473635080303e-19,3.482345632520707e-19,3,0
mnist,LogisticRegressor,50,Random,Hessian,Sekhari,FD,1,60000,0.01,0.1,0.01,0.8939,0.37592079723253846,[59217],270,0,1712917803.0663917,0.8613,0.4791675306856632,0.0,0.0,1.354130304814355e-19,1.1720247915819213e-19,2,8
mnist,LogisticRegressor,50,Random,Hessian,Sekhari,FD,1,60000,0.01,0.1,0.01,0.8939,0.37592079723253846,[10708],271,0,1712917810.4566572,0.8614,0.48131228648126123,0.0,0.0,4.113030779703713e-18,3.37672379290864e-18,3,5
mnist,LogisticRegressor,50,Random,Hessian,Sekhari,FD,1,60000,0.01,0.1,0.01,0.8939,0.37592079723253846,[29152],272,0,1712917818.7102647,0.8602,0.48201584815979004,0.0,0.0,8.335346530327163e-19,9.385103982305776e-19,2,4
mnist,LogisticRegressor,50,Random,Hessian,Sekhari,FD,1,60000,0.01,0.1,0.01,0.8939,0.37592079723253846,[48295],273,0,1712917852.953686,0.8608,0.48082864508032797,0.0,0.0,2.7187130810451465e-20,2.484899162734444e-20,3,9
mnist,LogisticRegressor,50,Random,Hessian,Sekhari,FD,1,60000,0.01,0.1,0.01,0.8939,0.37592079723253846,[9968],274,0,1712917860.321472,0.8597,0.4827494530007243,0.0,0.0,7.48107329593689e-21,7.601667086309068e-21,2,8
mnist,LogisticRegressor,50,Random,Hessian,Sekhari,FD,1,60000,0.01,0.1,0.01,0.8939,0.37592079723253846,[31908],275,0,1712917867.956985,0.8594,0.4833297304809093,48.089603424072266,48.089603424072266,59.137979072010054,59.137979072010054,2,6
mnist,LogisticRegressor,50,Random,Hessian,Sekhari,FD,1,60000,0.01,0.1,0.01,0.8939,0.37592079723253846,[17221],276,0,1712917874.7855856,0.8597,0.4817943464964628,0.0,0.0,8.050259484582297e-20,8.094147669005731e-20,4,0
mnist,LogisticRegressor,50,Random,Hessian,Sekhari,FD,1,60000,0.01,0.1,0.01,0.8939,0.37592079723253846,[56414],277,0,1712917882.4356759,0.8599,0.4850039273500443,0.0,0.0,1.7318298266908148e-19,1.7716659793233129e-19,3,0
mnist,LogisticRegressor,50,Random,Hessian,Sekhari,FD,1,60000,0.01,0.1,0.01,0.8939,0.37592079723253846,[38402],278,0,1712917915.5141468,0.8593,0.48646171782165765,51.605953216552734,51.605953216552734,66.4061967123537,66.4061967123537,2,2
mnist,LogisticRegressor,50,Random,Hessian,Sekhari,FD,1,60000,0.01,0.1,0.01,0.8939,0.37592079723253846,[43747],279,0,1712917923.308965,0.8597,0.48684534076601266,0.0,0.0,2.7519458488255246e-17,2.7226116756530487e-17,4,7
mnist,LogisticRegressor,50,Random,Hessian,Sekhari,FD,1,60000,0.01,0.1,0.01,0.8939,0.37592079723253846,[22360],280,0,1712917930.9743996,0.8602,0.48617387376725674,0.0,0.0,5.466634345613889e-21,5.448532742460757e-21,2,2
mnist,LogisticRegressor,50,Random,Hessian,Sekhari,FD,1,60000,0.01,0.1,0.01,0.8939,0.37592079723253846,[23320],281,0,1712917939.2665234,0.8601,0.4865651551634073,0.0,0.0,1.2771716891774796e-20,1.2890538064265633e-20,3,8
mnist,LogisticRegressor,50,Random,Hessian,Sekhari,FD,1,60000,0.01,0.1,0.01,0.8939,0.37592079723253846,[387],282,0,1712917973.9983664,0.8604,0.4871323950588703,0.0,0.0,1.791435147509568e-20,2.5682316856498282e-20,4,2
mnist,LogisticRegressor,50,Random,Hessian,Sekhari,FD,1,60000,0.01,0.1,0.01,0.8939,0.37592079723253846,[36693],283,0,1712917981.5280495,0.8577,0.4992984849959612,0.0,0.0,1.414932941630026e-20,1.4698618626213467e-20,2,2
mnist,LogisticRegressor,50,Random,Hessian,Sekhari,FD,1,60000,0.01,0.1,0.01,0.8939,0.37592079723253846,[41953],284,0,1712917989.4730933,0.859,0.49615285992622377,0.0,0.0,2.5897318999945736e-19,2.923726776683889e-19,2,4
mnist,LogisticRegressor,50,Random,Hessian,Sekhari,FD,1,60000,0.01,0.1,0.01,0.8939,0.37592079723253846,[18406],285,0,1712917997.5223615,0.8571,0.49798183869570495,0.0,0.0,2.0180286621167506e-20,1.9542335570192398e-20,5,9
mnist,LogisticRegressor,50,Random,Hessian,Sekhari,FD,1,60000,0.01,0.1,0.01,0.8939,0.37592079723253846,[37194],286,0,1712918005.5141888,0.8568,0.49697917997837066,0.0,0.0,1.672722608580412e-20,1.8904538156987553e-20,3,8
mnist,LogisticRegressor,50,Random,Hessian,Sekhari,FD,1,60000,0.01,0.1,0.01,0.8939,0.37592079723253846,[5148],287,0,1712918037.7461543,0.857,0.49736104570329187,0.0,0.0,9.949080553629994e-18,1.0051685943611119e-17,4,1
mnist,LogisticRegressor,50,Random,Hessian,Sekhari,FD,1,60000,0.01,0.1,0.01,0.8939,0.37592079723253846,[20899],288,0,1712918045.1224597,0.8583,0.49612341206520794,0.0,0.0,6.83834972429239e-20,6.65701885688657e-20,3,0
mnist,LogisticRegressor,50,Random,Hessian,Sekhari,FD,1,60000,0.01,0.1,0.01,0.8939,0.37592079723253846,[38283],289,0,1712918053.338457,0.8576,0.495463708229363,0.0,0.0,7.556044263190182e-19,7.935291032761837e-19,2,3
mnist,LogisticRegressor,50,Random,Hessian,Sekhari,FD,1,60000,0.01,0.1,0.01,0.8939,0.37592079723253846,[22661],290,0,1712918060.990435,0.8568,0.4996505964547396,0.0,0.0,9.17421364130594e-21,9.41007220197658e-21,3,8
mnist,LogisticRegressor,50,Random,Hessian,Sekhari,FD,1,60000,0.01,0.1,0.01,0.8939,0.37592079723253846,[22758],291,0,1712918093.5053935,0.8576,0.49892660677433015,0.0,0.0,2.3719079692624525e-20,2.4980601409620246e-20,3,2
mnist,LogisticRegressor,50,Random,Hessian,Sekhari,FD,1,60000,0.01,0.1,0.01,0.8939,0.37592079723253846,[9132],292,0,1712918100.948814,0.8575,0.4992050938308239,0.0,0.0,9.319063923884585e-18,1.0716404598864931e-17,3,7
mnist,LogisticRegressor,50,Random,Hessian,Sekhari,FD,1,60000,0.01,0.1,0.01,0.8939,0.37592079723253846,[11414],293,0,1712918108.394579,0.8582,0.4984016029164195,0.0,0.0,1.1620633591763787e-19,1.1284809594486296e-19,4,0
mnist,LogisticRegressor,50,Random,Hessian,Sekhari,FD,1,60000,0.01,0.1,0.01,0.8939,0.37592079723253846,[12834],294,0,1712918115.4671023,0.8571,0.5034062689170241,0.0,0.0,9.675719157442347e-20,9.742208869217703e-20,2,6
mnist,LogisticRegressor,50,Random,Hessian,Sekhari,FD,1,60000,0.01,0.1,0.01,0.8939,0.37592079723253846,[26154],295,0,1712918122.9928226,0.8568,0.5040134949609637,51.35145568847656,51.35145568847656,65.90202423724331,65.90202423724331,2,6
mnist,LogisticRegressor,50,Random,Hessian,Sekhari,FD,1,60000,0.01,0.1,0.01,0.8939,0.37592079723253846,[39695],296,0,1712918155.335972,0.8578,0.49761741794645786,0.0,0.0,5.08230374739092e-19,5.071791639999911e-19,2,4
mnist,LogisticRegressor,50,Random,Hessian,Sekhari,FD,1,60000,0.01,0.1,0.01,0.8939,0.37592079723253846,[32421],297,0,1712918163.4082901,0.8577,0.5006229434162378,0.0,0.0,4.170972891934388e-19,4.067023005677102e-19,3,4
mnist,LogisticRegressor,50,Random,Hessian,Sekhari,FD,1,60000,0.01,0.1,0.01,0.8939,0.37592079723253846,[20595],298,0,1712918170.7062156,0.8598,0.49468328692018987,55.91754150390625,55.655555725097656,59.97066044570261,59.97066044570261,2,7
mnist,LogisticRegressor,50,Random,Hessian,Sekhari,FD,1,60000,0.01,0.1,0.01,0.8939,0.37592079723253846,[14278],299,0,1712918178.7085035,0.8602,0.49491503424942496,0.0,0.0,6.3336379322281194e-21,6.086898303282694e-21,3,0
mnist,LogisticRegressor,50,Random,Hessian,Sekhari,FD,1,60000,0.01,0.1,0.01,0.8939,0.37592079723253846,[59528],300,0,1712918213.5003395,0.8609,0.4926464891061187,0.0,0.0,4.18674449928664e-19,3.995861736355516e-19,4,5
mnist,LogisticRegressor,50,Random,Hessian,Sekhari,FD,1,60000,0.01,0.1,0.01,0.8939,0.37592079723253846,[34486],301,0,1712918220.5121567,0.8603,0.49844736959785224,0.0,0.0,8.855713789452102e-21,9.845049879821356e-21,2,2
mnist,LogisticRegressor,50,Random,Hessian,Sekhari,FD,1,60000,0.01,0.1,0.01,0.8939,0.37592079723253846,[56801],302,0,1712918228.5031905,0.8572,0.505766325443983,0.0,0.0,3.897011342216413e-19,4.069569154057234e-19,3,4
mnist,LogisticRegressor,50,Random,Hessian,Sekhari,FD,1,60000,0.01,0.1,0.01,0.8939,0.37592079723253846,[14623],303,0,1712918235.5290186,0.8584,0.5043114148080349,0.0,0.0,4.217517429204156e-19,4.665561213415078e-19,3,4
mnist,LogisticRegressor,50,Random,Hessian,Sekhari,FD,1,60000,0.01,0.1,0.01,0.8939,0.37592079723253846,[59413],304,0,1712918271.4583669,0.8585,0.5030297312885523,48.1801643371582,48.1801643371582,60.38278947774008,60.38278947774008,2,0
mnist,LogisticRegressor,50,Random,Hessian,Sekhari,FD,1,60000,0.01,0.1,0.01,0.8939,0.37592079723253846,[21386],305,0,1712918279.228106,0.8576,0.5043629283085466,0.0,0.0,1.0817781802397142e-17,9.853912973139215e-18,2,7
mnist,LogisticRegressor,50,Random,Hessian,Sekhari,FD,1,60000,0.01,0.1,0.01,0.8939,0.37592079723253846,[3913],306,0,1712918287.6549091,0.8577,0.5026926269754768,0.0,0.0,1.3388790317965402e-20,1.2688111638938009e-20,3,2
mnist,LogisticRegressor,50,Random,Hessian,Sekhari,FD,1,60000,0.01,0.1,0.01,0.8939,0.37592079723253846,[49601],307,0,1712918294.8338506,0.8574,0.5029798952862621,0.0,0.0,1.0067776587158022e-20,1.0501132512385483e-20,3,2
mnist,LogisticRegressor,50,Random,Hessian,Sekhari,FD,1,60000,0.01,0.1,0.01,0.8939,0.37592079723253846,[6980],308,0,1712918301.9743092,0.8572,0.4987351313233376,0.0,0.0,2.70395652178017e-18,2.3795302090521546e-18,3,7
mnist,LogisticRegressor,50,Random,Hessian,Sekhari,FD,1,60000,0.01,0.1,0.01,0.8939,0.37592079723253846,[3080],309,0,1712918334.2112088,0.8567,0.5021206485107541,53.27146911621094,53.281856536865234,64.78646377305154,64.78646377305154,2,3
mnist,LogisticRegressor,50,Random,Hessian,Sekhari,FD,1,60000,0.01,0.1,0.01,0.8939,0.37592079723253846,[43214],310,0,1712918341.7544103,0.8576,0.5005168847739696,0.0,0.0,8.499427903450613e-20,4.9615227447272647e-20,4,3
mnist,LogisticRegressor,50,Random,Hessian,Sekhari,FD,1,60000,0.01,0.1,0.01,0.8939,0.37592079723253846,[18370],311,0,1712918349.8073707,0.8563,0.5033088538795709,52.1878776550293,52.077980041503906,62.15918291854913,62.15918291854913,2,3
mnist,LogisticRegressor,50,Random,Hessian,Sekhari,FD,1,60000,0.01,0.1,0.01,0.8939,0.37592079723253846,[6865],312,0,1712918357.4142206,0.8565,0.5030703829601407,0.0,0.0,3.8442758957801406e-20,3.8515811046344446e-20,2,5
mnist,LogisticRegressor,50,Random,Hessian,Sekhari,FD,1,60000,0.01,0.1,0.01,0.8939,0.37592079723253846,[47201],313,0,1712918392.747298,0.8571,0.499694505892694,0.0,0.0,5.4638140276857016e-21,4.912836876756601e-21,2,8
mnist,LogisticRegressor,50,Random,Hessian,Sekhari,FD,1,60000,0.01,0.1,0.01,0.8939,0.37592079723253846,[32187],314,0,1712918400.6023633,0.8582,0.4978000521659851,0.0,0.0,6.244400129216119e-21,6.7669512231609315e-21,2,0
mnist,LogisticRegressor,50,Random,Hessian,Sekhari,FD,1,60000,0.01,0.1,0.01,0.8939,0.37592079723253846,[45917],315,0,1712918408.3782146,0.8577,0.5003401590511203,0.0,0.0,1.741279472077163e-18,1.6428641728594405e-18,2,1
mnist,LogisticRegressor,50,Random,Hessian,Sekhari,FD,1,60000,0.01,0.1,0.01,0.8939,0.37592079723253846,[3349],316,0,1712918416.1617517,0.859,0.4946239886805415,0.0,0.0,1.0716944744392458e-18,9.750520241225397e-19,4,1
mnist,LogisticRegressor,50,Random,Hessian,Sekhari,FD,1,60000,0.01,0.1,0.01,0.8939,0.37592079723253846,[21514],317,0,1712918424.1501257,0.8568,0.49854439608752726,0.0,0.0,6.767418386708694e-20,8.121648125772124e-20,7,3
mnist,LogisticRegressor,50,Random,Hessian,Sekhari,FD,1,60000,0.01,0.1,0.01,0.8939,0.37592079723253846,[36146],318,0,1712918457.042093,0.8568,0.49915019776672126,47.60210418701172,47.71147918701172,55.535717174095076,55.535717174095076,2,3
mnist,LogisticRegressor,50,Random,Hessian,Sekhari,FD,1,60000,0.01,0.1,0.01,0.8939,0.37592079723253846,[6002],319,0,1712918464.8901904,0.8573,0.4989786075428128,51.034881591796875,51.034881591796875,59.53267282396787,59.53267282396787,2,3
mnist,LogisticRegressor,50,Random,Hessian,Sekhari,FD,1,60000,0.01,0.1,0.01,0.8939,0.37592079723253846,[15988],320,0,1712918473.0634978,0.8575,0.4995068421587348,0.0,0.0,1.6974175770936717e-19,1.8019004853444459e-19,2,5
mnist,LogisticRegressor,50,Random,Hessian,Sekhari,FD,1,60000,0.01,0.1,0.01,0.8939,0.37592079723253846,[44371],321,0,1712918481.245807,0.8583,0.49761252403259276,0.0,0.0,1.2751827711315858e-18,1.2305510277382252e-18,2,7
mnist,LogisticRegressor,50,Random,Hessian,Sekhari,FD,1,60000,0.01,0.1,0.01,0.8939,0.37592079723253846,[51806],322,0,1712918513.9690356,0.8558,0.5037668937817216,0.0,0.0,9.812758385069502e-21,9.578257349133464e-21,3,9
mnist,LogisticRegressor,50,Random,Hessian,Sekhari,FD,1,60000,0.01,0.1,0.01,0.8939,0.37592079723253846,[48494],323,0,1712918521.3742483,0.8569,0.5017650406807661,0.0,0.0,1.7776186084669507e-21,1.781555794312247e-21,3,8
mnist,LogisticRegressor,50,Random,Hessian,Sekhari,FD,1,60000,0.01,0.1,0.01,0.8939,0.37592079723253846,[4174],324,0,1712918529.1028676,0.8561,0.5046326421201229,0.0,0.0,1.823098967790015e-18,1.7022776342807154e-18,2,7
mnist,LogisticRegressor,50,Random,Hessian,Sekhari,FD,1,60000,0.01,0.1,0.01,0.8939,0.37592079723253846,[13561],325,0,1712918536.8905776,0.8568,0.5023811757564545,0.0,0.0,9.602366328551777e-22,1.1616584441603036e-21,4,2
mnist,LogisticRegressor,50,Random,Hessian,Sekhari,FD,1,60000,0.01,0.1,0.01,0.8939,0.37592079723253846,[9373],326,0,1712918572.3420067,0.8557,0.5036060623824596,0.0,0.0,1.7992909428828558e-20,1.577523339739883e-20,3,6
mnist,LogisticRegressor,50,Random,Hessian,Sekhari,FD,1,60000,0.01,0.1,0.01,0.8939,0.37592079723253846,[33341],327,0,1712918580.546143,0.856,0.506210864149034,0.0,0.0,4.198650644930169e-19,4.1326614408853775e-19,2,1
mnist,LogisticRegressor,50,Random,Hessian,Sekhari,FD,1,60000,0.01,0.1,0.01,0.8939,0.37592079723253846,[30950],328,0,1712918587.906308,0.855,0.509264363721013,0.0,0.0,8.577188444546497e-22,1.152575815241951e-21,3,2
mnist,LogisticRegressor,50,Random,Hessian,Sekhari,FD,1,60000,0.01,0.1,0.01,0.8939,0.37592079723253846,[53486],329,0,1712918595.1322532,0.8568,0.5033421020954847,0.0,0.0,3.415098075948713e-20,3.7720449458652105e-20,3,5
mnist,LogisticRegressor,50,Random,Hessian,Sekhari,FD,1,60000,0.01,0.1,0.01,0.8939,0.37592079723253846,[4751],330,0,1712918603.1221647,0.8551,0.5073002316057682,0.0,0.0,1.5645767330250366e-20,1.5070023912664944e-20,3,9
mnist,LogisticRegressor,50,Random,Hessian,Sekhari,FD,1,60000,0.01,0.1,0.01,0.8939,0.37592079723253846,[40399],331,0,1712918635.8341398,0.855,0.508332041092217,0.0,0.0,1.893149993759569e-20,1.765278281171544e-20,2,6
mnist,LogisticRegressor,50,Random,Hessian,Sekhari,FD,1,60000,0.01,0.1,0.01,0.8939,0.37592079723253846,[47048],332,0,1712918643.615698,0.8553,0.5069409415125847,0.0,0.0,3.5096172098909854e-21,3.759081534275322e-21,2,0
mnist,LogisticRegressor,50,Random,Hessian,Sekhari,FD,1,60000,0.01,0.1,0.01,0.8939,0.37592079723253846,[54622],333,0,1712918650.8758085,0.8565,0.5015491642057895,0.0,0.0,3.1045340101007405e-21,4.142161038060184e-21,2,2
mnist,LogisticRegressor,50,Random,Hessian,Sekhari,FD,1,60000,0.01,0.1,0.01,0.8939,0.37592079723253846,[5372],334,0,1712918658.89837,0.8536,0.5095516610890627,0.0,0.0,4.437617487555394e-21,6.622630763538651e-21,5,2
mnist,LogisticRegressor,50,Random,Hessian,Sekhari,FD,1,60000,0.01,0.1,0.01,0.8939,0.37592079723253846,[2684],335,0,1712918693.3960152,0.8537,0.5090817576274276,0.0,0.0,1.3269203060111861e-20,1.3037380929912752e-20,3,6
mnist,LogisticRegressor,50,Random,Hessian,Sekhari,FD,1,60000,0.01,0.1,0.01,0.8939,0.37592079723253846,[26856],336,0,1712918701.0143936,0.8543,0.509598970785737,0.0,0.0,1.2229381675293518e-20,1.0914539974058661e-20,2,6
mnist,LogisticRegressor,50,Random,Hessian,Sekhari,FD,1,60000,0.01,0.1,0.01,0.8939,0.37592079723253846,[31558],337,0,1712918708.546346,0.8546,0.5094808815047145,0.0,0.0,0.0,0.0,3,8
mnist,LogisticRegressor,50,Random,Hessian,Sekhari,FD,1,60000,0.01,0.1,0.01,0.8939,0.37592079723253846,[50434],338,0,1712918715.9147136,0.8549,0.5055448085069656,47.29576110839844,47.29576110839844,58.0722647443406,58.0722647443406,2,9
mnist,LogisticRegressor,50,Random,Hessian,Sekhari,FD,1,60000,0.01,0.1,0.01,0.8939,0.37592079723253846,[41642],339,0,1712918751.4690633,0.8545,0.5067360084503889,0.0,0.0,4.042359274102355e-20,3.9195478257935745e-20,2,5
mnist,LogisticRegressor,50,Random,Hessian,Sekhari,FD,1,60000,0.01,0.1,0.01,0.8939,0.37592079723253846,[42902],340,0,1712918759.0661023,0.8545,0.5048973433673382,0.0,0.0,2.50304490225202e-20,2.5009585298648408e-20,2,4
mnist,LogisticRegressor,50,Random,Hessian,Sekhari,FD,1,60000,0.01,0.1,0.01,0.8939,0.37592079723253846,[50340],341,0,1712918767.404493,0.8536,0.5059446632862091,0.0,0.0,1.2884231753672565e-20,1.496420735354288e-20,3,6
mnist,LogisticRegressor,50,Random,Hessian,Sekhari,FD,1,60000,0.01,0.1,0.01,0.8939,0.37592079723253846,[20809],342,0,1712918774.7662003,0.8534,0.5063294248655439,0.0,0.0,6.807334806570538e-19,6.962516359793065e-19,2,7
mnist,LogisticRegressor,50,Random,Hessian,Sekhari,FD,1,60000,0.01,0.1,0.01,0.8939,0.37592079723253846,[10113],343,0,1712918782.4290838,0.851,0.5102437123656273,0.0,0.0,2.0043556579542382e-19,2.0743364476045023e-19,3,1
mnist,LogisticRegressor,50,Random,Hessian,Sekhari,FD,1,60000,0.01,0.1,0.01,0.8939,0.37592079723253846,[49274],344,0,1712918814.1658669,0.8511,0.5116215702146292,0.0,0.0,7.06807529069852e-21,6.827972000894396e-21,3,2
mnist,LogisticRegressor,50,Random,Hessian,Sekhari,FD,1,60000,0.01,0.1,0.01,0.8939,0.37592079723253846,[20657],345,0,1712918822.2827988,0.8527,0.5090989802032709,0.0,0.0,5.896859942341376e-20,5.937635037694578e-20,3,5
mnist,LogisticRegressor,50,Random,Hessian,Sekhari,FD,1,60000,0.01,0.1,0.01,0.8939,0.37592079723253846,[52393],346,0,1712918829.9558656,0.8528,0.5086668249219656,0.0,0.0,2.5675316727696756e-19,2.777449578956144e-19,4,3
mnist,LogisticRegressor,50,Random,Hessian,Sekhari,FD,1,60000,0.01,0.1,0.01,0.8939,0.37592079723253846,[47069],347,0,1712918837.702449,0.8521,0.5096479607746005,53.915157318115234,53.915157318115234,65.02722081388066,65.02722081388066,2,3
mnist,LogisticRegressor,50,Random,Hessian,Sekhari,FD,1,60000,0.01,0.1,0.01,0.8939,0.37592079723253846,[39618],348,0,1712918872.482358,0.8495,0.5132073668763042,0.0,0.0,3.7105301289055156e-19,3.9174521698889873e-19,2,7
mnist,LogisticRegressor,50,Random,Hessian,Sekhari,FD,1,60000,0.01,0.1,0.01,0.8939,0.37592079723253846,[1463],349,0,1712918880.197495,0.851,0.5111236851662397,0.0,0.0,1.1337349743561811e-20,1.0343013828057088e-20,4,6
mnist,LogisticRegressor,50,Random,Hessian,Sekhari,FD,1,60000,0.01,0.1,0.01,0.8939,0.37592079723253846,[10204],350,0,1712918887.266101,0.8487,0.5178984448313713,0.0,0.0,3.705769144237564e-22,3.705769144237564e-22,4,2
mnist,LogisticRegressor,50,Random,Hessian,Sekhari,FD,1,60000,0.01,0.1,0.01,0.8939,0.37592079723253846,[30376],351,0,1712918895.082493,0.8497,0.5181992558762432,48.13630294799805,48.13630294799805,56.95287907484796,56.95287907484796,2,0
mnist,LogisticRegressor,50,Random,Hessian,Sekhari,FD,1,60000,0.01,0.1,0.01,0.8939,0.37592079723253846,[14091],352,0,1712918902.856502,0.8492,0.5205815935507416,0.0,0.0,3.9220197292347346e-19,3.804685925194167e-19,2,1
mnist,LogisticRegressor,50,Random,Hessian,Sekhari,FD,1,60000,0.01,0.1,0.01,0.8939,0.37592079723253846,[51185],353,0,1712918936.1062374,0.8496,0.5196681339293718,0.0,0.0,2.193001644781041e-21,2.5504564026527675e-21,3,0
mnist,LogisticRegressor,50,Random,Hessian,Sekhari,FD,1,60000,0.01,0.1,0.01,0.8939,0.37592079723253846,[58024],354,0,1712918944.246756,0.8489,0.5200433231890201,0.0,0.0,1.2014743540235721e-19,1.182736204529408e-19,3,1
mnist,LogisticRegressor,50,Random,Hessian,Sekhari,FD,1,60000,0.01,0.1,0.01,0.8939,0.37592079723253846,[21264],355,0,1712918951.9621465,0.85,0.5176312161609531,0.0,0.0,4.418629927457286e-21,4.133355864698289e-21,3,6
mnist,LogisticRegressor,50,Random,Hessian,Sekhari,FD,1,60000,0.01,0.1,0.01,0.8939,0.37592079723253846,[5056],356,0,1712918959.3066654,0.8504,0.5188248006626963,0.0,0.0,1.7819489878309582e-21,1.9017757721501145e-21,3,2
mnist,LogisticRegressor,50,Random,Hessian,Sekhari,FD,1,60000,0.01,0.1,0.01,0.8939,0.37592079723253846,[7896],357,0,1712918993.3215287,0.8494,0.5229890231043101,0.0,0.0,2.038147373034027e-19,2.0352053971942995e-19,3,7
mnist,LogisticRegressor,50,Random,Hessian,Sekhari,FD,1,60000,0.01,0.1,0.01,0.8939,0.37592079723253846,[21574],358,0,1712919000.959173,0.847,0.5299031840637326,0.0,0.0,0.0,0.0,4,8
mnist,LogisticRegressor,50,Random,Hessian,Sekhari,FD,1,60000,0.01,0.1,0.01,0.8939,0.37592079723253846,[57641],359,0,1712919008.4801867,0.8474,0.5286873960867524,0.0,0.0,2.145308903888139e-19,1.7305017809550728e-19,2,7
mnist,LogisticRegressor,50,Random,Hessian,Sekhari,FD,1,60000,0.01,0.1,0.01,0.8939,0.37592079723253846,[15322],360,0,1712919015.8943503,0.8464,0.5293305961415171,0.0,0.0,3.0062190399841616e-19,4.1300510712474853e-19,3,1
mnist,LogisticRegressor,50,Random,Hessian,Sekhari,FD,1,60000,0.01,0.1,0.01,0.8939,0.37592079723253846,[31227],361,0,1712919023.2700174,0.8451,0.5305732421576976,0.0,0.0,3.063412477156092e-21,3.065241583420229e-21,2,9
mnist,LogisticRegressor,50,Random,Hessian,Sekhari,FD,1,60000,0.01,0.1,0.01,0.8939,0.37592079723253846,[10834],362,0,1712919056.7341635,0.8438,0.5343562873080373,0.0,0.0,2.9440470882956057e-19,2.9839582679585337e-19,2,1
mnist,LogisticRegressor,50,Random,Hessian,Sekhari,FD,1,60000,0.01,0.1,0.01,0.8939,0.37592079723253846,[55542],363,0,1712919064.1938884,0.8438,0.5341151593253016,0.0,0.0,9.316859454433052e-20,9.810944743141302e-20,2,3
mnist,LogisticRegressor,50,Random,Hessian,Sekhari,FD,1,60000,0.01,0.1,0.01,0.8939,0.37592079723253846,[1899],364,0,1712919071.5434349,0.844,0.5349484847858548,0.0,0.0,1.1730622678932765e-21,1.1730622678932765e-21,3,9
mnist,LogisticRegressor,50,Random,Hessian,Sekhari,FD,1,60000,0.01,0.1,0.01,0.8939,0.37592079723253846,[31133],365,0,1712919078.7089407,0.8447,0.5320027643814683,54.70594787597656,54.70594787597656,61.19860484391249,61.19860484391249,2,3
mnist,LogisticRegressor,50,Random,Hessian,Sekhari,FD,1,60000,0.01,0.1,0.01,0.8939,0.37592079723253846,[17917],366,0,1712919113.5929017,0.8447,0.5342177484184504,0.0,0.0,1.5317081513076342e-19,1.6798226192814211e-19,2,1
mnist,LogisticRegressor,50,Random,Hessian,Sekhari,FD,1,60000,0.01,0.1,0.01,0.8939,0.37592079723253846,[23513],367,0,1712919121.0383508,0.8451,0.5340019091963768,48.790504455566406,48.790504455566406,58.58562544469163,58.58562544469163,2,0
mnist,LogisticRegressor,50,Random,Hessian,Sekhari,FD,1,60000,0.01,0.1,0.01,0.8939,0.37592079723253846,[57019],368,0,1712919128.4651954,0.845,0.5346520686522126,49.209686279296875,49.209686279296875,55.128799062343155,55.128799062343155,2,3
mnist,LogisticRegressor,50,Random,Hessian,Sekhari,FD,1,60000,0.01,0.1,0.01,0.8939,0.37592079723253846,[21617],369,0,1712919135.6927986,0.8472,0.5253627581521869,0.0,0.0,4.068776215677274e-21,3.452657919702225e-21,4,0
mnist,LogisticRegressor,50,Random,Hessian,Sekhari,FD,1,60000,0.01,0.1,0.01,0.8939,0.37592079723253846,[20783],370,0,1712919172.220184,0.8474,0.5253217939287425,52.25581359863281,52.25581359863281,58.69586864001874,58.69586864001874,2,9
mnist,LogisticRegressor,50,Random,Hessian,Sekhari,FD,1,60000,0.01,0.1,0.01,0.8939,0.37592079723253846,[58819],371,0,1712919179.3792186,0.8483,0.5251450527459383,0.0,0.0,3.3901989330715654e-21,3.457727249448133e-21,3,4
mnist,LogisticRegressor,50,Random,Hessian,Sekhari,FD,1,60000,0.01,0.1,0.01,0.8939,0.37592079723253846,[32087],372,0,1712919186.5966408,0.8481,0.5235439032316208,0.0,0.0,2.7910246626395225e-21,2.7541292929813186e-21,3,6
mnist,LogisticRegressor,50,Random,Hessian,Sekhari,FD,1,60000,0.01,0.1,0.01,0.8939,0.37592079723253846,[39834],373,0,1712919193.3716242,0.8497,0.5193937128409744,0.0,0.0,5.324217122376162e-20,5.720905383288614e-20,2,1
mnist,LogisticRegressor,50,Random,Hessian,Sekhari,FD,1,60000,0.01,0.1,0.01,0.8939,0.37592079723253846,[34840],374,0,1712919200.8534918,0.8502,0.518095699697733,0.0,0.0,6.59097179260135e-20,7.446850635961684e-20,2,7
mnist,LogisticRegressor,50,Random,Hessian,Sekhari,FD,1,60000,0.01,0.1,0.01,0.8939,0.37592079723253846,[40852],375,0,1712919232.9531996,0.8493,0.5212488738819957,0.0,0.0,7.156304642795967e-20,7.867062630368292e-20,2,1
mnist,LogisticRegressor,50,Random,Hessian,Sekhari,FD,1,60000,0.01,0.1,0.01,0.8939,0.37592079723253846,[55725],376,0,1712919239.8212583,0.8511,0.5166049867868423,0.0,0.0,1.999125628090732e-21,2.240100421311949e-21,2,9
mnist,LogisticRegressor,50,Random,Hessian,Sekhari,FD,1,60000,0.01,0.1,0.01,0.8939,0.37592079723253846,[30104],377,0,1712919246.9333549,0.8503,0.5192954124882817,0.0,0.0,2.70458472108773e-21,3.6156207849850445e-21,3,0
mnist,LogisticRegressor,50,Random,Hessian,Sekhari,FD,1,60000,0.01,0.1,0.01,0.8939,0.37592079723253846,[17633],378,0,1712919254.29479,0.8494,0.5184372641146183,0.0,0.0,8.238271211804674e-20,8.169525262151519e-20,5,7
mnist,LogisticRegressor,50,Random,Hessian,Sekhari,FD,1,60000,0.01,0.1,0.01,0.8939,0.37592079723253846,[26090],379,0,1712919261.2273073,0.8489,0.5197030747309327,0.0,0.0,2.1604919545130112e-21,1.0380744092757743e-21,2,0
mnist,LogisticRegressor,50,Random,Hessian,Sekhari,FD,1,60000,0.01,0.1,0.01,0.8939,0.37592079723253846,[32300],380,0,1712919297.2924588,0.8522,0.5147378012537956,0.0,0.0,6.247316588454152e-21,6.299029025353377e-21,3,4
mnist,LogisticRegressor,50,Random,Hessian,Sekhari,FD,1,60000,0.01,0.1,0.01,0.8939,0.37592079723253846,[3094],381,0,1712919304.8234901,0.8491,0.5184042181819677,0.0,0.0,5.014552938710014e-20,4.938429511424079e-20,3,1
mnist,LogisticRegressor,50,Random,Hessian,Sekhari,FD,1,60000,0.01,0.1,0.01,0.8939,0.37592079723253846,[48461],382,0,1712919312.2397733,0.8501,0.5155961114913226,0.0,0.0,1.9938615571238754e-21,2.025932667610762e-21,2,2
mnist,LogisticRegressor,50,Random,Hessian,Sekhari,FD,1,60000,0.01,0.1,0.01,0.8939,0.37592079723253846,[23402],383,0,1712919319.4832177,0.8511,0.5162801627069712,53.97407913208008,53.97407913208008,67.9900056552962,67.9900056552962,2,2
mnist,LogisticRegressor,50,Random,Hessian,Sekhari,FD,1,60000,0.01,0.1,0.01,0.8939,0.37592079723253846,[57993],384,0,1712919352.33943,0.8512,0.5157541371881962,0.0,0.0,5.407342559182784e-20,5.867983213668144e-20,2,7
mnist,LogisticRegressor,50,Random,Hessian,Sekhari,FD,1,60000,0.01,0.1,0.01,0.8939,0.37592079723253846,[38059],385,0,1712919359.839489,0.8522,0.5131147891283036,0.0,0.0,3.4232741303039205e-20,3.399364999225665e-20,3,5
mnist,LogisticRegressor,50,Random,Hessian,Sekhari,FD,1,60000,0.01,0.1,0.01,0.8939,0.37592079723253846,[51282],386,0,1712919367.1117558,0.8512,0.5157994890585542,55.37954330444336,55.5195198059082,68.36542077356961,68.36542077356961,2,4
mnist,LogisticRegressor,50,Random,Hessian,Sekhari,FD,1,60000,0.01,0.1,0.01,0.8939,0.37592079723253846,[22757],387,0,1712919375.013578,0.8543,0.5076321467757225,0.0,0.0,4.274357000403775e-21,4.8195354602986774e-21,2,4
mnist,LogisticRegressor,50,Random,Hessian,Sekhari,FD,1,60000,0.01,0.1,0.01,0.8939,0.37592079723253846,[19090],388,0,1712919382.431221,0.8544,0.507571966946125,52.717628479003906,52.717628479003906,59.979870378105794,59.979870378105794,2,7
mnist,LogisticRegressor,50,Random,Hessian,Sekhari,FD,1,60000,0.01,0.1,0.01,0.8939,0.37592079723253846,[32305],389,0,1712919416.7879913,0.8546,0.5072146197780967,0.0,0.0,8.262892852348289e-20,8.52207400245701e-20,2,7
mnist,LogisticRegressor,50,Random,Hessian,Sekhari,FD,1,60000,0.01,0.1,0.01,0.8939,0.37592079723253846,[13215],390,0,1712919424.1223516,0.853,0.5110325695946812,0.0,0.0,2.115212001406508e-20,2.087373345132668e-20,2,5
mnist,LogisticRegressor,50,Random,Hessian,Sekhari,FD,1,60000,0.01,0.1,0.01,0.8939,0.37592079723253846,[55267],391,0,1712919431.8080256,0.8522,0.5124914577230811,0.0,0.0,1.664441983950566e-21,1.6286982293293461e-21,2,4
mnist,LogisticRegressor,50,Random,Hessian,Sekhari,FD,1,60000,0.01,0.1,0.01,0.8939,0.37592079723253846,[51285],392,0,1712919439.7591755,0.8523,0.512190299294889,0.0,0.0,1.4498095166516e-21,1.4931395635826005e-21,2,9
mnist,LogisticRegressor,50,Random,Hessian,Sekhari,FD,1,60000,0.01,0.1,0.01,0.8939,0.37592079723253846,[45387],393,0,1712919473.4705534,0.8537,0.5077563162893057,0.0,0.0,3.008346063300521e-20,3.003682226126998e-20,2,5
mnist,LogisticRegressor,50,Random,Hessian,Sekhari,FD,1,60000,0.01,0.1,0.01,0.8939,0.37592079723253846,[24473],394,0,1712919480.1527047,0.8525,0.5109491309151053,0.0,0.0,9.163973609538278e-21,9.31555711326945e-21,3,5
mnist,LogisticRegressor,50,Random,Hessian,Sekhari,FD,1,60000,0.01,0.1,0.01,0.8939,0.37592079723253846,[12072],395,0,1712919487.2430794,0.8522,0.5156742595136166,0.0,0.0,0.0,0.0,3,8
mnist,LogisticRegressor,50,Random,Hessian,Sekhari,FD,1,60000,0.01,0.1,0.01,0.8939,0.37592079723253846,[46321],396,0,1712919494.8603175,0.8518,0.5157044639810919,0.0,0.0,2.218672874725689e-20,2.2071891262851612e-20,2,1
mnist,LogisticRegressor,50,Random,Hessian,Sekhari,FD,1,60000,0.01,0.1,0.01,0.8939,0.37592079723253846,[59315],397,0,1712919502.6878119,0.8522,0.5157275101169944,0.0,0.0,2.416138450886201e-20,2.471353396077732e-20,4,7
mnist,LogisticRegressor,50,Random,Hessian,Sekhari,FD,1,60000,0.01,0.1,0.01,0.8939,0.37592079723253846,[17381],398,0,1712919536.646803,0.851,0.5168866656720639,0.0,0.0,2.3486436717453128e-20,2.867220841801682e-20,2,7
mnist,LogisticRegressor,50,Random,Hessian,Sekhari,FD,1,60000,0.01,0.1,0.01,0.8939,0.37592079723253846,[29186],399,0,1712919544.4415636,0.8513,0.5166118092834949,0.0,0.0,2.109626552303781e-21,2.1353748036471346e-21,2,6
mnist,LogisticRegressor,50,Random,Hessian,Sekhari,FD,1,60000,0.01,0.1,0.01,0.8939,0.37592079723253846,[27193],400,0,1712919551.8786838,0.8502,0.5229096118360758,0.0,0.0,1.722773868135914e-21,1.5533950061992394e-21,2,4
mnist,LogisticRegressor,50,Random,Hessian,Sekhari,FD,1,60000,0.01,0.1,0.01,0.8939,0.37592079723253846,[4773],401,0,1712919559.534658,0.8503,0.5199916636571288,0.0,0.0,1.778410692473989e-20,1.7633443898069413e-20,3,1
mnist,LogisticRegressor,50,Random,Hessian,Sekhari,FD,1,60000,0.01,0.1,0.01,0.8939,0.37592079723253846,[29411],402,0,1712919593.0263593,0.85,0.5225447384640575,50.677711486816406,50.8077392578125,56.73374297721813,56.73374297721813,2,3
mnist,LogisticRegressor,50,Random,Hessian,Sekhari,FD,1,60000,0.01,0.1,0.01,0.8939,0.37592079723253846,[57013],403,0,1712919600.6478858,0.8497,0.5234829142689705,49.64397048950195,49.64397048950195,60.234682632241565,60.234682632241565,2,8
mnist,LogisticRegressor,50,Random,Hessian,Sekhari,FD,1,60000,0.01,0.1,0.01,0.8939,0.37592079723253846,[31346],404,0,1712919608.5075972,0.8493,0.5249493045732379,55.36204147338867,55.36204147338867,63.65389930368916,63.65389930368916,2,2
mnist,LogisticRegressor,50,Random,Hessian,Sekhari,FD,1,60000,0.01,0.1,0.01,0.8939,0.37592079723253846,[45560],405,0,1712919616.6194675,0.8491,0.5240585174411535,0.0,0.0,1.6026789965896135e-21,1.6711635992893545e-21,3,9
mnist,LogisticRegressor,50,Random,Hessian,Sekhari,FD,1,60000,0.01,0.1,0.01,0.8939,0.37592079723253846,[45830],406,0,1712919624.98819,0.8498,0.5244221473112702,0.0,0.0,1.650067499375148e-21,1.4959524017569034e-21,4,4
mnist,LogisticRegressor,50,Random,Hessian,Sekhari,FD,1,60000,0.01,0.1,0.01,0.8939,0.37592079723253846,[42280],407,0,1712919656.7810528,0.8494,0.5304163930937648,0.0,0.0,0.0,0.0,4,2
mnist,LogisticRegressor,50,Random,Hessian,Sekhari,FD,1,60000,0.01,0.1,0.01,0.8939,0.37592079723253846,[49421],408,0,1712919663.941825,0.8503,0.5290689202025533,0.0,0.0,0.0,0.0,4,8
mnist,LogisticRegressor,50,Random,Hessian,Sekhari,FD,1,60000,0.01,0.1,0.01,0.8939,0.37592079723253846,[21059],409,0,1712919671.6038985,0.8508,0.5252070724964142,50.95410919189453,50.979671478271484,58.44650593546059,58.44650593546059,2,3
mnist,LogisticRegressor,50,Random,Hessian,Sekhari,FD,1,60000,0.01,0.1,0.01,0.8939,0.37592079723253846,[20464],410,0,1712919679.1885805,0.8504,0.5258868759498,0.0,0.0,1.2705494208814505e-21,1.3144584538515597e-21,4,6
mnist,LogisticRegressor,50,Random,Hessian,Sekhari,FD,1,60000,0.01,0.1,0.01,0.8939,0.37592079723253846,[30396],411,0,1712919714.0352726,0.8497,0.5264568572863937,0.0,0.0,0.0,0.0,2,6
mnist,LogisticRegressor,50,Random,Hessian,Sekhari,FD,1,60000,0.01,0.1,0.01,0.8939,0.37592079723253846,[57850],412,0,1712919721.7355397,0.8498,0.5268180416896939,0.0,0.0,1.2075790774767752e-20,1.0937369566054501e-20,2,1
mnist,LogisticRegressor,50,Random,Hessian,Sekhari,FD,1,60000,0.01,0.1,0.01,0.8939,0.37592079723253846,[33917],413,0,1712919728.8455179,0.8519,0.5219225915148854,49.85813903808594,49.85813903808594,57.29619193983395,57.29619193983395,2,9
mnist,LogisticRegressor,50,Random,Hessian,Sekhari,FD,1,60000,0.01,0.1,0.01,0.8939,0.37592079723253846,[56032],414,0,1712919735.7419403,0.8514,0.522716223821044,0.0,0.0,1.5686555393434016e-21,1.8369340822942518e-21,3,4
mnist,LogisticRegressor,50,Random,Hessian,Sekhari,FD,1,60000,0.01,0.1,0.01,0.8939,0.37592079723253846,[24182],415,0,1712919742.8575644,0.852,0.5211710656061769,0.0,0.0,1.0190005856246462e-21,1.0190005856246462e-21,3,6
mnist,LogisticRegressor,50,Random,Hessian,Sekhari,FD,1,60000,0.01,0.1,0.01,0.8939,0.37592079723253846,[15864],416,0,1712919777.6107497,0.8508,0.5236896563321352,0.0,0.0,0.0,0.0,2,9
mnist,LogisticRegressor,50,Random,Hessian,Sekhari,FD,1,60000,0.01,0.1,0.01,0.8939,0.37592079723253846,[30705],417,0,1712919785.5899544,0.8524,0.5237582668662071,0.0,0.0,1.225639430707699e-21,8.968530096505392e-22,3,4
mnist,LogisticRegressor,50,Random,Hessian,Sekhari,FD,1,60000,0.01,0.1,0.01,0.8939,0.37592079723253846,[33366],418,0,1712919793.3353584,0.8526,0.5237225513905287,0.0,0.0,0.0,0.0,2,8
mnist,LogisticRegressor,50,Random,Hessian,Sekhari,FD,1,60000,0.01,0.1,0.01,0.8939,0.37592079723253846,[47880],419,0,1712919800.8082762,0.8491,0.5323179256170988,0.0,0.0,7.553122563438937e-21,1.0167221449492146e-20,3,3
mnist,LogisticRegressor,50,Random,Hessian,Sekhari,FD,1,60000,0.01,0.1,0.01,0.8939,0.37592079723253846,[50335],420,0,1712919834.6678016,0.8476,0.531772305443883,0.0,0.0,0.0,0.0,3,9
mnist,LogisticRegressor,50,Random,Hessian,Sekhari,FD,1,60000,0.01,0.1,0.01,0.8939,0.37592079723253846,[22667],421,0,1712919842.1664307,0.8472,0.5338010843843222,0.0,0.0,0.0,0.0,3,6
mnist,LogisticRegressor,50,Random,Hessian,Sekhari,FD,1,60000,0.01,0.1,0.01,0.8939,0.37592079723253846,[37552],422,0,1712919849.4137442,0.8483,0.5277423026040197,0.0,0.0,0.0,0.0,2,6
mnist,LogisticRegressor,50,Random,Hessian,Sekhari,FD,1,60000,0.01,0.1,0.01,0.8939,0.37592079723253846,[28577],423,0,1712919856.4826849,0.849,0.5277340430766344,53.0026741027832,53.0026741027832,60.0075383164111,60.0075383164111,2,3
mnist,LogisticRegressor,50,Random,Hessian,Sekhari,FD,1,60000,0.01,0.1,0.01,0.8939,0.37592079723253846,[51068],424,0,1712919864.273759,0.8499,0.5272516783326864,54.735633850097656,54.735633850097656,59.962354345849946,59.962354345849946,2,4
mnist,LogisticRegressor,50,Random,Hessian,Sekhari,FD,1,60000,0.01,0.1,0.01,0.8939,0.37592079723253846,[16620],425,0,1712919896.6866944,0.849,0.5306009776890278,0.0,0.0,4.508884496117144e-21,4.448340735311238e-21,2,1
mnist,LogisticRegressor,50,Random,Hessian,Sekhari,FD,1,60000,0.01,0.1,0.01,0.8939,0.37592079723253846,[36825],426,0,1712919904.1589472,0.8503,0.5266150930896402,0.0,0.0,0.0,0.0,5,6
mnist,LogisticRegressor,50,Random,Hessian,Sekhari,FD,1,60000,0.01,0.1,0.01,0.8939,0.37592079723253846,[52592],427,0,1712919912.1976016,0.8508,0.5269998474046588,51.56337356567383,51.56337356567383,56.976664008552596,56.976664008552596,2,3
mnist,LogisticRegressor,50,Random,Hessian,Sekhari,FD,1,60000,0.01,0.1,0.01,0.8939,0.37592079723253846,[42429],428,0,1712919919.3908322,0.8524,0.521583017706871,0.0,0.0,0.0,0.0,2,0
mnist,LogisticRegressor,50,Random,Hessian,Sekhari,FD,1,60000,0.01,0.1,0.01,0.8939,0.37592079723253846,[45996],429,0,1712919953.812459,0.8525,0.5211165823042393,0.0,0.0,7.737873046009933e-21,7.737782600661332e-21,2,1
mnist,LogisticRegressor,50,Random,Hessian,Sekhari,FD,1,60000,0.01,0.1,0.01,0.8939,0.37592079723253846,[25390],430,0,1712919961.4667714,0.8526,0.5194809243083001,0.0,0.0,0.0,0.0,3,6
mnist,LogisticRegressor,50,Random,Hessian,Sekhari,FD,1,60000,0.01,0.1,0.01,0.8939,0.37592079723253846,[1173],431,0,1712919969.2344427,0.8514,0.523516614176333,0.0,0.0,1.8106180329650902e-20,1.7907897214547964e-20,2,1
mnist,LogisticRegressor,50,Random,Hessian,Sekhari,FD,1,60000,0.01,0.1,0.01,0.8939,0.37592079723253846,[30677],432,0,1712919977.6783378,0.8504,0.5245896458625794,0.0,0.0,0.0,0.0,3,2
mnist,LogisticRegressor,50,Random,Hessian,Sekhari,FD,1,60000,0.01,0.1,0.01,0.8939,0.37592079723253846,[34038],433,0,1712919984.8016872,0.85,0.5250056920573115,0.0,0.0,0.0,0.0,2,0
mnist,LogisticRegressor,50,Random,Hessian,Sekhari,FD,1,60000,0.01,0.1,0.01,0.8939,0.37592079723253846,[34129],434,0,1712920018.750516,0.8488,0.5284548293799162,0.0,0.0,0.0,0.0,2,8
mnist,LogisticRegressor,50,Random,Hessian,Sekhari,FD,1,60000,0.01,0.1,0.01,0.8939,0.37592079723253846,[41125],435,0,1712920026.8217785,0.848,0.5300025895237923,0.0,0.0,7.694287346019606e-21,7.246534044582946e-21,5,1
mnist,LogisticRegressor,50,Random,Hessian,Sekhari,FD,1,60000,0.01,0.1,0.01,0.8939,0.37592079723253846,[31388],436,0,1712920034.0426772,0.8507,0.5216015642508864,0.0,0.0,0.0,0.0,3,8
mnist,LogisticRegressor,50,Random,Hessian,Sekhari,FD,1,60000,0.01,0.1,0.01,0.8939,0.37592079723253846,[7254],437,0,1712920041.7707505,0.8527,0.514778496325016,0.0,0.0,0.0,0.0,2,6
mnist,LogisticRegressor,50,Random,Hessian,Sekhari,FD,1,60000,0.01,0.1,0.01,0.8939,0.37592079723253846,[54879],438,0,1712920076.246206,0.8537,0.5150384509935975,0.0,0.0,6.1199595508159e-21,5.525911273517515e-21,2,1
mnist,LogisticRegressor,50,Random,Hessian,Sekhari,FD,1,60000,0.01,0.1,0.01,0.8939,0.37592079723253846,[16680],439,0,1712920084.186343,0.8534,0.5163402860984206,0.0,0.0,0.0,0.0,2,8
mnist,LogisticRegressor,50,Random,Hessian,Sekhari,FD,1,60000,0.01,0.1,0.01,0.8939,0.37592079723253846,[30312],440,0,1712920092.0303643,0.854,0.5149865247309208,0.0,0.0,0.0,0.0,4,6
mnist,LogisticRegressor,50,Random,Hessian,Sekhari,FD,1,60000,0.01,0.1,0.01,0.8939,0.37592079723253846,[39225],441,0,1712920099.246267,0.8531,0.514605712518096,0.0,0.0,0.0,0.0,3,2
mnist,LogisticRegressor,50,Random,Hessian,Sekhari,FD,1,60000,0.01,0.1,0.01,0.8939,0.37592079723253846,[23699],442,0,1712920107.4144042,0.8531,0.5128877701237797,0.0,0.0,4.590027675733005e-20,4.438245731346967e-20,3,7
mnist,LogisticRegressor,50,Random,Hessian,Sekhari,FD,1,60000,0.01,0.1,0.01,0.8939,0.37592079723253846,[56259],443,0,1712920138.8249412,0.8513,0.5188714986667037,0.0,0.0,2.6464484972911578e-21,2.8577556582204272e-21,4,1
mnist,LogisticRegressor,50,Random,Hessian,Sekhari,FD,1,60000,0.01,0.1,0.01,0.8939,0.37592079723253846,[59919],444,0,1712920146.5785418,0.8515,0.5195380710065365,0.0,0.0,2.3937228593820238e-21,2.3305433655134223e-21,2,3
mnist,LogisticRegressor,50,Random,Hessian,Sekhari,FD,1,60000,0.01,0.1,0.01,0.8939,0.37592079723253846,[31323],445,0,1712920154.434383,0.8511,0.5202684471383691,0.0,0.0,0.0,0.0,3,2
mnist,LogisticRegressor,50,Random,Hessian,Sekhari,FD,1,60000,0.01,0.1,0.01,0.8939,0.37592079723253846,[38070],446,0,1712920162.3302345,0.8501,0.5217477479949594,0.0,0.0,3.348191748764087e-22,3.327199718314049e-22,3,0
mnist,LogisticRegressor,50,Random,Hessian,Sekhari,FD,1,60000,0.01,0.1,0.01,0.8939,0.37592079723253846,[41354],447,0,1712920194.115054,0.8502,0.518966062553227,0.0,0.0,0.0,0.0,3,9
mnist,LogisticRegressor,50,Random,Hessian,Sekhari,FD,1,60000,0.01,0.1,0.01,0.8939,0.37592079723253846,[58523],448,0,1712920202.9784975,0.8493,0.5204136863350868,0.0,0.0,0.0,0.0,4,9
mnist,LogisticRegressor,50,Random,Hessian,Sekhari,FD,1,60000,0.01,0.1,0.01,0.8939,0.37592079723253846,[47531],449,0,1712920210.1317668,0.8496,0.5195969337597489,0.0,0.0,1.3735188530457444e-20,1.393945003665386e-20,2,7
mnist,LogisticRegressor,50,Random,Hessian,Sekhari,FD,1,60000,0.01,0.1,0.01,0.8939,0.37592079723253846,[44716],450,0,1712920218.2222326,0.8496,0.5196016317233443,0.0,0.0,0.0,0.0,2,4
mnist,LogisticRegressor,50,Random,Hessian,Sekhari,FD,1,60000,0.01,0.1,0.01,0.8939,0.37592079723253846,[50558],451,0,1712920253.7381287,0.8509,0.5174530936405063,0.0,0.0,0.0,0.0,4,9
mnist,LogisticRegressor,50,Random,Hessian,Sekhari,FD,1,60000,0.01,0.1,0.01,0.8939,0.37592079723253846,[49348],452,0,1712920261.6563067,0.8486,0.5245558643713594,57.90940856933594,57.90940856933594,63.92260155219765,63.92260155219765,2,3
mnist,LogisticRegressor,50,Random,Hessian,Sekhari,FD,1,60000,0.01,0.1,0.01,0.8939,0.37592079723253846,[55130],453,0,1712920269.3461602,0.8471,0.5274845773354173,0.0,0.0,1.1439355225868016e-20,1.019447439859004e-20,4,7
mnist,LogisticRegressor,50,Random,Hessian,Sekhari,FD,1,60000,0.01,0.1,0.01,0.8939,0.37592079723253846,[1568],454,0,1712920277.0262792,0.8466,0.5322623079642653,0.0,0.0,0.0,0.0,6,6
mnist,LogisticRegressor,50,Random,Hessian,Sekhari,FD,1,60000,0.01,0.1,0.01,0.8939,0.37592079723253846,[49494],455,0,1712920285.074552,0.8454,0.53675507158041,0.0,0.0,8.27772237504858e-21,8.238184737810065e-21,2,1
mnist,LogisticRegressor,50,Random,Hessian,Sekhari,FD,1,60000,0.01,0.1,0.01,0.8939,0.37592079723253846,[48156],456,0,1712920317.7623582,0.8447,0.5361891282722354,0.0,0.0,0.0,0.0,4,4
mnist,LogisticRegressor,50,Random,Hessian,Sekhari,FD,1,60000,0.01,0.1,0.01,0.8939,0.37592079723253846,[67],457,0,1712920324.9143324,0.8444,0.5402502197772264,0.0,0.0,0.0,0.0,2,9
mnist,LogisticRegressor,50,Random,Hessian,Sekhari,FD,1,60000,0.01,0.1,0.01,0.8939,0.37592079723253846,[44225],458,0,1712920331.8237522,0.846,0.5352479780092836,0.0,0.0,4.6303205046904244e-21,4.985743035550863e-21,3,7
mnist,LogisticRegressor,50,Random,Hessian,Sekhari,FD,1,60000,0.01,0.1,0.01,0.8939,0.37592079723253846,[31276],459,0,1712920339.3943229,0.8436,0.5433161215856671,0.0,0.0,0.0,0.0,2,8
mnist,LogisticRegressor,50,Random,Hessian,Sekhari,FD,1,60000,0.01,0.1,0.01,0.8939,0.37592079723253846,[15073],460,0,1712920374.0902467,0.8437,0.543258772417903,0.0,0.0,0.0,0.0,2,4
mnist,LogisticRegressor,50,Random,Hessian,Sekhari,FD,1,60000,0.01,0.1,0.01,0.8939,0.37592079723253846,[57186],461,0,1712920381.522365,0.8433,0.5454590069130063,0.0,0.0,3.6033917915597306e-21,4.038008032308529e-21,4,5
mnist,LogisticRegressor,50,Random,Hessian,Sekhari,FD,1,60000,0.01,0.1,0.01,0.8939,0.37592079723253846,[31300],462,0,1712920389.206395,0.8442,0.5455932693555952,60.16501998901367,60.16501998901367,61.182541630809126,61.182541630809126,2,5
mnist,LogisticRegressor,50,Random,Hessian,Sekhari,FD,1,60000,0.01,0.1,0.01,0.8939,0.37592079723253846,[6384],463,0,1712920397.275621,0.8444,0.5459171006456017,0.0,0.0,0.0,0.0,2,9
mnist,LogisticRegressor,50,Random,Hessian,Sekhari,FD,1,60000,0.01,0.1,0.01,0.8939,0.37592079723253846,[19386],464,0,1712920404.8182402,0.8451,0.5453321939334274,0.0,0.0,0.0,0.0,2,8
mnist,LogisticRegressor,50,Random,Hessian,Sekhari,FD,1,60000,0.01,0.1,0.01,0.8939,0.37592079723253846,[15768],465,0,1712920436.6141074,0.844,0.5462673472240567,0.0,0.0,0.0,0.0,2,9
mnist,LogisticRegressor,50,Random,Hessian,Sekhari,FD,1,60000,0.01,0.1,0.01,0.8939,0.37592079723253846,[25409],466,0,1712920444.266409,0.844,0.5453587217256427,0.0,0.0,8.937226076302305e-22,9.953481880360663e-22,3,3
mnist,LogisticRegressor,50,Random,Hessian,Sekhari,FD,1,60000,0.01,0.1,0.01,0.8939,0.37592079723253846,[55647],467,0,1712920451.962593,0.8425,0.5494349287822843,0.0,0.0,0.0,0.0,2,9
mnist,LogisticRegressor,50,Random,Hessian,Sekhari,FD,1,60000,0.01,0.1,0.01,0.8939,0.37592079723253846,[51296],468,0,1712920459.6702034,0.8431,0.5459561800584197,0.0,0.0,0.0,0.0,3,0
mnist,LogisticRegressor,50,Random,Hessian,Sekhari,FD,1,60000,0.01,0.1,0.01,0.8939,0.37592079723253846,[503],469,0,1712920493.4823275,0.8429,0.546087757870555,0.0,0.0,0.0,0.0,3,8
mnist,LogisticRegressor,50,Random,Hessian,Sekhari,FD,1,60000,0.01,0.1,0.01,0.8939,0.37592079723253846,[9559],470,0,1712920500.5303664,0.8432,0.5433836188167334,0.0,0.0,1.044976516699475e-20,1.232480233627775e-20,5,7
mnist,LogisticRegressor,50,Random,Hessian,Sekhari,FD,1,60000,0.01,0.1,0.01,0.8939,0.37592079723253846,[6974],471,0,1712920508.3583207,0.8432,0.5430555909872055,0.0,0.0,2.7937845278628387e-21,2.7817206911943254e-21,3,1
mnist,LogisticRegressor,50,Random,Hessian,Sekhari,FD,1,60000,0.01,0.1,0.01,0.8939,0.37592079723253846,[38515],472,0,1712920516.5543,0.8415,0.5478464968502521,0.0,0.0,1.9233896673929843e-21,2.0311136972162485e-21,3,5
mnist,LogisticRegressor,50,Random,Hessian,Sekhari,FD,1,60000,0.01,0.1,0.01,0.8939,0.37592079723253846,[10594],473,0,1712920551.8781729,0.8409,0.5476988149806857,0.0,0.0,3.2418727362729993e-22,3.2418727362729993e-22,2,5
mnist,LogisticRegressor,50,Random,Hessian,Sekhari,FD,1,60000,0.01,0.1,0.01,0.8939,0.37592079723253846,[28617],474,0,1712920559.6602478,0.8406,0.5487853955477476,50.692298889160156,50.692298889160156,58.46645096287005,58.46645096287005,2,3
mnist,LogisticRegressor,50,Random,Hessian,Sekhari,FD,1,60000,0.01,0.1,0.01,0.8939,0.37592079723253846,[39260],475,0,1712920566.9155247,0.8411,0.5479722794145345,0.0,0.0,0.0,0.0,2,2
mnist,LogisticRegressor,50,Random,Hessian,Sekhari,FD,1,60000,0.01,0.1,0.01,0.8939,0.37592079723253846,[9409],476,0,1712920574.7692473,0.8419,0.54608633518219,0.0,0.0,0.0,0.0,2,2
mnist,LogisticRegressor,50,Random,Hessian,Sekhari,FD,1,60000,0.01,0.1,0.01,0.8939,0.37592079723253846,[9311],477,0,1712920582.6671467,0.8422,0.5451157724484801,0.0,0.0,0.0,0.0,2,4
mnist,LogisticRegressor,50,Random,Hessian,Sekhari,FD,1,60000,0.01,0.1,0.01,0.8939,0.37592079723253846,[2358],478,0,1712920615.0097814,0.8435,0.5418167846277356,0.0,0.0,0.0,0.0,4,0
mnist,LogisticRegressor,50,Random,Hessian,Sekhari,FD,1,60000,0.01,0.1,0.01,0.8939,0.37592079723253846,[27302],479,0,1712920622.7511084,0.843,0.5421273589134217,0.0,0.0,0.0,0.0,3,6
mnist,LogisticRegressor,50,Random,Hessian,Sekhari,FD,1,60000,0.01,0.1,0.01,0.8939,0.37592079723253846,[18022],480,0,1712920630.5515487,0.8423,0.5430551238358021,0.0,0.0,2.538063969454765e-21,2.523668239675557e-21,3,1
mnist,LogisticRegressor,50,Random,Hessian,Sekhari,FD,1,60000,0.01,0.1,0.01,0.8939,0.37592079723253846,[24664],481,0,1712920638.2343607,0.8419,0.5418173898011446,0.0,0.0,0.0,0.0,5,2
mnist,LogisticRegressor,50,Random,Hessian,Sekhari,FD,1,60000,0.01,0.1,0.01,0.8939,0.37592079723253846,[28713],482,0,1712920672.6264715,0.8432,0.5392791589722037,0.0,0.0,0.0,0.0,4,4
mnist,LogisticRegressor,50,Random,Hessian,Sekhari,FD,1,60000,0.01,0.1,0.01,0.8939,0.37592079723253846,[55141],483,0,1712920680.526187,0.8422,0.5486395696178079,0.0,0.0,1.2319116448324495e-21,1.266130083250883e-21,4,1
mnist,LogisticRegressor,50,Random,Hessian,Sekhari,FD,1,60000,0.01,0.1,0.01,0.8939,0.37592079723253846,[20520],484,0,1712920688.205526,0.8436,0.5418147487565875,0.0,0.0,1.197042920565044e-20,1.0291333513184157e-20,7,7
mnist,LogisticRegressor,50,Random,Hessian,Sekhari,FD,1,60000,0.01,0.1,0.01,0.8939,0.37592079723253846,[52066],485,0,1712920695.9101987,0.8424,0.545237983763218,0.0,0.0,0.0,0.0,4,8
mnist,LogisticRegressor,50,Random,Hessian,Sekhari,FD,1,60000,0.01,0.1,0.01,0.8939,0.37592079723253846,[5921],486,0,1712920703.3964608,0.8435,0.5424117226153612,0.0,0.0,0.0,0.0,2,6
mnist,LogisticRegressor,50,Random,Hessian,Sekhari,FD,1,60000,0.01,0.1,0.01,0.8939,0.37592079723253846,[23098],487,0,1712920735.9902492,0.8434,0.5419227398931981,0.0,0.0,0.0,0.0,2,3
mnist,LogisticRegressor,50,Random,Hessian,Sekhari,FD,1,60000,0.01,0.1,0.01,0.8939,0.37592079723253846,[46962],488,0,1712920741.6184387,0.8428,0.5420022977516055,57.492393493652344,57.492393493652344,66.30614467491966,66.30614467491966,2,9
mnist,LogisticRegressor,50,Random,Hessian,Sekhari,FD,1,60000,0.01,0.1,0.01,0.8939,0.37592079723253846,[25669],489,0,1712920747.1382785,0.8438,0.5417473020032049,55.960121154785156,55.960121154785156,60.29382085247193,60.29382085247193,2,3
mnist,LogisticRegressor,50,Random,Hessian,Sekhari,FD,1,60000,0.01,0.1,0.01,0.8939,0.37592079723253846,[41139],490,0,1712920752.8861537,0.8452,0.5385485302656889,0.0,0.0,0.0,0.0,2,4
mnist,LogisticRegressor,50,Random,Hessian,Sekhari,FD,1,60000,0.01,0.1,0.01,0.8939,0.37592079723253846,[35583],491,0,1712920759.2224994,0.8456,0.5382059128955007,0.0,0.0,4.441878062415246e-21,4.963348549386772e-21,5,1
mnist,LogisticRegressor,50,Random,Hessian,Sekhari,FD,1,60000,0.01,0.1,0.01,0.8939,0.37592079723253846,[12882],492,0,1712920765.3154337,0.8453,0.5398925377056003,0.0,0.0,1.754209653220604e-21,1.7510114429410613e-21,3,5
mnist,LogisticRegressor,50,Random,Hessian,Sekhari,FD,1,60000,0.01,0.1,0.01,0.8939,0.37592079723253846,[9012],493,0,1712920771.035267,0.8464,0.5373287463560701,0.0,0.0,0.0,0.0,3,2
mnist,LogisticRegressor,50,Random,Hessian,Sekhari,FD,1,60000,0.01,0.1,0.01,0.8939,0.37592079723253846,[27592],494,0,1712920776.815595,0.846,0.5367947304621339,0.0,0.0,0.0,0.0,2,2
mnist,LogisticRegressor,50,Random,Hessian,Sekhari,FD,1,60000,0.01,0.1,0.01,0.8939,0.37592079723253846,[5714],495,0,1712920794.8996408,0.8464,0.5336601287126541,0.0,0.0,7.35459843455402e-22,1.0023626634746446e-21,4,5
mnist,LogisticRegressor,50,Random,Hessian,Sekhari,FD,1,60000,0.01,0.1,0.01,0.8939,0.37592079723253846,[44508],496,0,1712920800.3779314,0.8468,0.5298102475702763,0.0,0.0,0.0,0.0,3,9
mnist,LogisticRegressor,50,Random,Hessian,Sekhari,FD,1,60000,0.01,0.1,0.01,0.8939,0.37592079723253846,[47539],497,0,1712920805.5739691,0.8473,0.5303128100931644,0.0,0.0,2.4830854806784195e-22,2.5934982395054974e-22,3,3
mnist,LogisticRegressor,50,Random,Hessian,Sekhari,FD,1,60000,0.01,0.1,0.01,0.8939,0.37592079723253846,[33813],498,0,1712920811.4339511,0.8487,0.5265112953260541,0.0,0.0,0.0,0.0,4,4
mnist,LogisticRegressor,50,Random,Hessian,Sekhari,FD,1,60000,0.01,0.1,0.01,0.8939,0.37592079723253846,[28082],499,0,1712920816.9922957,0.8479,0.5280734002590179,0.0,0.0,0.0,0.0,2,8
